0.921891 0.38653 -9.34198e-05 
0.895107 0.443611 -9.29281e-05 
0.864779 0.498935 -9.20562e-05 
0.831021 0.55228 -9.08072e-05 
0.793961 0.60343 -8.91853e-05 
0.753742 0.652177 -8.71963e-05 
0.710518 0.698325 -8.48474e-05 
0.664458 0.741685 -8.21473e-05 
0.615742 0.782079 -7.91059e-05 
0.564562 0.819344 -7.57346e-05 
0.511119 0.853325 -7.2046e-05 
0.455628 0.883885 -6.8054e-05 
0.398307 0.910896 -6.37736e-05 
0.339387 0.934249 -5.92211e-05 
0.279103 0.953848 -5.44138e-05 
0.217696 0.969612 -4.93699e-05 
0.155414 0.981478 -4.41086e-05 
0.0925063 0.989396 -3.86499e-05 
0.0292261 0.993335 -3.30146e-05 
-0.0341724 0.993281 -2.7224e-05 
-0.0974343 0.989234 -2.13001e-05 
-0.160306 0.981214 -1.52653e-05 
-0.222535 0.969254 -9.14228e-06 
-0.283873 0.953405 -2.95411e-06 
-0.344074 0.933735 3.27608e-06 
-0.4029 0.910325 9.5251e-06 
-0.460116 0.883275 1.57698e-05 
-0.515496 0.852696 2.19872e-05 
-0.568823 0.818715 2.81546e-05 
-0.619886 0.781473 3.42496e-05 
-0.668488 0.741122 4.02502e-05 
-0.714439 0.697828 4.61351e-05 
-0.757563 0.651767 5.18834e-05 
-0.797694 0.603127 5.74752e-05 
-0.83468 0.552104 6.28911e-05 
-0.868382 0.498904 6.81127e-05 
-0.898674 0.44374 7.31225e-05 
-0.925445 0.386832 7.7904e-05 
-0.948598 0.328407 8.24417e-05 
-0.968051 0.268696 8.67213e-05 
-0.983735 0.207933 9.07296e-05 
-0.9956 0.146357 9.44546e-05 
-1.00361 0.0842091 9.78854e-05 
-1.00773 0.0217297 0.000101013 
-1.00797 -0.0408392 0.000103828 
-1.00434 -0.103257 0.000106324 
-0.996839 -0.165284 0.000108496 
-0.985523 -0.226683 0.000110339 
-0.970439 -0.287222 0.00011185 
-0.951652 -0.346671 0.000113027 
-0.92924 -0.404806 0.000113871 
-0.903297 -0.461408 0.000114382 
-0.873927 -0.516266 0.000114562 
-0.841247 -0.569176 0.000114414 
-0.805388 -0.619939 0.000113944 
-0.766489 -0.668369 0.000113157 
-0.724702 -0.714287 0.00011206 
-0.680188 -0.757522 0.000110662 
-0.633119 -0.797917 0.000108972 
-0.583674 -0.835323 0.000107 
-0.532041 -0.869602 0.000104757 
-0.478417 -0.90063 0.000102256 
-0.423004 -0.928293 9.95095e-05 
-0.366011 -0.95249 9.65323e-05 
-0.307651 -0.973132 9.33388e-05 
-0.248145 -0.990145 8.99447e-05 
-0.187716 -1.00347 8.63662e-05 
-0.126589 -1.01305 8.26204e-05 
-0.0649931 -1.01885 7.87246e-05 
-0.0031591 -1.02085 7.46968e-05 
0.0586817 -1.01905 7.05557e-05 
0.120298 -1.01345 6.632e-05 
0.181458 -1.00407 6.20091e-05 
0.241933 -0.990936 5.76424e-05 
0.301496 -0.974103 5.32398e-05 
0.359921 -0.953629 4.88212e-05 
0.416989 -0.929588 4.44066e-05 
0.472483 -0.902066 4.00162e-05 
0.526192 -0.871163 3.567e-05 
0.577911 -0.836992 3.13881e-05 
0.627441 -0.799676 2.71904e-05 
0.674593 -0.759353 2.30965e-05 
0.719183 -0.716171 1.91257e-05 
0.761039 -0.670289 1.52971e-05 
0.799994 -0.621877 1.16294e-05 
0.835897 -0.571115 8.1407e-06 
0.868603 -0.518192 4.84855e-06 
0.897981 -0.463307 1.76997e-06 
0.923912 -0.406666 -1.07876e-06 
0.946288 -0.348484 -3.68209e-06 
0.965015 -0.28898 -6.02529e-06 
0.980014 -0.228383 -8.09451e-06 
0.991218 -0.166925 -9.87684e-06 
0.998575 -0.104841 -1.13604e-05 
1.00205 -0.0423721 -1.25342e-05 
1.00161 0.0202392 -1.33886e-05 
0.997263 0.0827486 -1.39151e-05 
0.989008 0.144911 -1.41061e-05 
0.976871 0.206483 -1.39556e-05 
0.960891 0.267219 -1.34587e-05 
0.941122 0.326879 -1.26119e-05 
0.917635 0.385226 -1.14129e-05 
0.890515 0.442025 -9.86102e-06 
0.859862 0.497048 -7.95672e-06 
0.82579 0.550074 -5.70197e-06 
0.788429 0.600888 -3.10011e-06 
0.747922 0.649283 -1.55874e-07 
0.704426 0.695063 3.12462e-06 
0.658108 0.738039 6.73389e-06 
0.609152 0.778038 1.06631e-05 
0.557748 0.814893 1.49021e-05 
0.5041 0.848454 1.94395e-05 
0.448421 0.878582 2.42627e-05 
0.390932 0.905153 2.93577e-05 
0.331863 0.928057 3.47097e-05 
0.27145 0.9472 4.03025e-05 
0.209935 0.962503 4.61192e-05 
0.147565 0.973902 5.21419e-05 
0.0845902 0.98135 5.83516e-05 
0.0212642 0.984817 6.47289e-05 
-0.0421589 0.98429 7.12535e-05 
-0.105424 0.979771 7.79045e-05 
-0.168278 0.971279 8.46607e-05 
-0.230468 0.958851 9.15003e-05 
-0.291746 0.942538 9.84013e-05 
-0.351866 0.922409 0.000105341 
-0.410591 0.898548 0.000112298 
-0.467686 0.871053 0.000119249 
-0.522926 0.840039 0.000126173 
-0.576093 0.805633 0.000133046 
-0.626979 0.767978 0.000139848 
-0.675386 0.727226 0.000146556 
-0.721125 0.683545 0.00015315 
-0.764021 0.637111 0.000159609 
-0.803908 0.588115 0.000165914 
-0.840637 0.536752 0.000172045 
-0.874069 0.483229 0.000177984 
-0.904079 0.427761 0.000183713 
-0.930557 0.370568 0.000189215 
-0.953408 0.311878 0.000194476 
-0.972551 0.251921 0.00019948 
-0.987918 0.190934 0.000204214 
-0.99946 0.129155 0.000208665 
-1.00714 0.0668254 0.000212822 
-1.01094 0.00418604 0.000216674 
-1.01085 -0.0585211 0.000220214 
-1.00688 -0.121055 0.000223432 
-0.999051 -0.183177 0.000226323 
-0.987409 -0.24465 0.000228881 
-0.972002 -0.305241 0.000231103 
-0.952897 -0.364721 0.000232985 
-0.930175 -0.422867 0.000234526 
-0.903929 -0.479461 0.000235726 
-0.874265 -0.534291 0.000236586 
-0.841303 -0.587154 0.000237109 
-0.805171 -0.637853 0.000237297 
-0.766012 -0.686203 0.000237155 
-0.723978 -0.732024 0.00023669 
-0.679232 -0.775147 0.000235908 
-0.631945 -0.815417 0.000234817 
-0.582298 -0.852684 0.000233427 
-0.530479 -0.886813 0.000231747 
-0.476686 -0.917679 0.000229789 
-0.421121 -0.945172 0.000227565 
-0.363993 -0.969189 0.000225089 
-0.305518 -0.989645 0.000222373 
-0.245914 -1.00647 0.000219432 
-0.185406 -1.01959 0.000216283 
-0.124219 -1.02897 0.000212942 
-0.0625816 -1.03457 0.000209425 
-0.000725536 -1.03637 0.000205749 
0.0611183 -1.03436 0.000201934 
0.122718 -1.02855 0.000197997 
0.183844 -1.01897 0.000193958 
0.244265 -1.00564 0.000189835 
0.303755 -0.988612 0.00018565 
0.362089 -0.96795 0.000181421 
0.419048 -0.943728 0.00017717 
0.474415 -0.916033 0.000172916 
0.52798 -0.884967 0.00016868 
0.579538 -0.850643 0.000164483 
0.628891 -0.813187 0.000160344 
0.67585 -0.772736 0.000156284 
0.720233 -0.72944 0.000152324 
0.761866 -0.683459 0.000148483 
0.800587 -0.634964 0.00014478 
0.836242 -0.584136 0.000141234 
0.868689 -0.531165 0.000137864 
0.897798 -0.47625 0.000134687 
0.92345 -0.419599 0.000131722 
0.94554 -0.361427 0.000128984 
0.963975 -0.301954 0.000126488 
0.978676 -0.241409 0.000124251 
0.989577 -0.180024 0.000122285 
0.996629 -0.118036 0.000120603 
0.999795 -0.0556852 0.000119218 
0.999054 0.00678598 0.00011814 
0.994401 0.069133 0.000117377 
0.985846 0.131111 0.00011694 
0.973412 0.192476 0.000116833 
0.957142 0.252984 0.000117063 
0.93709 0.312395 0.000117635 
0.913329 0.370471 0.00011855 
0.885945 0.42698 0.000119811 
0.855039 0.481694 0.000121416 
0.820727 0.534392 0.000123366 
0.78314 0.58486 0.000125656 
0.742422 0.632893 0.000128282 
0.69873 0.678295 0.000131239 
0.652234 0.72088 0.00013452 
0.603116 0.760472 0.000138114 
0.55157 0.79691 0.000142013 
0.497798 0.830042 0.000146205 
0.442015 0.859731 0.000150677 
0.384442 0.885855 0.000155416 
0.325309 0.908306 0.000160405 
0.264853 0.926989 0.000165629 
0.203316 0.941826 0.000171071 
0.140945 0.952757 0.000176712 
0.0779905 0.959736 0.000182532 
0.014706 0.962733 0.000188513 
-0.0486545 0.961736 0.000194632 
-0.111836 0.956748 0.000200869 
-0.174586 0.947792 0.000207201 
-0.236651 0.934902 0.000213607 
-0.297784 0.918134 0.000220062 
-0.35774 0.897556 0.000226546 
-0.41628 0.873253 0.000233033 
-0.473173 0.845325 0.000239501 
-0.528192 0.813888 0.000245927 
-0.58112 0.77907 0.000252287 
-0.631751 0.741013 0.00025856 
-0.679885 0.699874 0.000264722 
-0.725337 0.655818 0.000270752 
-0.76793 0.609025 0.000276627 
-0.807502 0.559684 0.000282329 
-0.843902 0.507993 0.000287835 
-0.876992 0.454159 0.000293128 
-0.90665 0.398397 0.000298188 
-0.932767 0.340929 0.000302998 
-0.955247 0.281981 0.000307541 
-0.974011 0.221787 0.000311802 
-0.988994 0.160583 0.000315766 
-1.00015 0.0986069 0.00031942 
-1.00743 0.0361003 0.000322752 
-1.01083 -0.026695 0.00032575 
-1.01034 -0.0895371 0.000328406 
-1.00597 -0.152185 0.000330711 
-0.997747 -0.2144 0.000332657 
-0.985708 -0.275944 0.000334239 
-0.969909 -0.336586 0.000335451 
-0.950417 -0.396097 0.000336292 
-0.927313 -0.454253 0.000336759 
-0.900693 -0.510837 0.00033685 
-0.870664 -0.565638 0.000336568 
-0.837346 -0.618453 0.000335913 
-0.80087 -0.669087 0.000334889 
-0.761378 -0.717353 0.0003335 
-0.719025 -0.763074 0.000331753 
-0.673974 -0.806082 0.000329653 
-0.626396 -0.846221 0.000327208 
-0.576474 -0.883344 0.000324428 
-0.524398 -0.917317 0.000321323 
-0.470364 -0.948016 0.000317904 
-0.414576 -0.97533 0.000314183 
-0.357244 -0.99916 0.000310173 
-0.298583 -1.01942 0.000305887 
-0.238813 -1.03604 0.000301342 
-0.178157 -1.04895 0.000296552 
-0.116842 -1.05812 0.000291534 
-0.0550975 -1.0635 0.000286305 
0.00684677 -1.06509 0.000280882 
0.0687591 -1.06286 0.000275284 
0.130408 -1.05684 0.00026953 
0.191563 -1.04703 0.000263639 
0.251995 -1.03349 0.000257631 
0.311477 -1.01626 0.000251525 
0.369785 -0.99539 0.000245342 
0.4267 -0.970969 0.000239103 
0.482005 -0.943084 0.000232829 
0.535491 -0.911836 0.000226541 
0.586954 -0.877339 0.000220259 
0.636196 -0.839721 0.000214004 
0.68303 -0.799119 0.000207799 
0.727272 -0.755685 0.000201663 
0.768751 -0.709579 0.000195618 
0.807306 -0.660973 0.000189684 
0.842782 -0.61005 0.000183881 
0.87504 -0.557 0.00017823 
0.90395 -0.502023 0.000172749 
0.929395 -0.445328 0.000167458 
0.951269 -0.38713 0.000162376 
0.969481 -0.327651 0.000157519 
0.983954 -0.26712 0.000152905 
0.994623 -0.205769 0.00014855 
1.00144 -0.143835 0.000144469 
1.00437 -0.0815601 0.000140677 
1.00339 -0.0191864 0.000137187 
0.998503 0.0430416 0.000134011 
0.989714 0.104879 0.000131159 
0.977052 0.166081 0.000128642 
0.960558 0.226405 0.000126468 
0.94029 0.28561 0.000124642 
0.916321 0.34346 0.000123171 
0.888739 0.399722 0.000122059 
0.857646 0.45417 0.000121308 
0.823161 0.506582 0.000120918 
0.785414 0.556746 0.000120889 
0.744551 0.604458 0.000121218 
0.700731 0.649522 0.000121901 
0.654124 0.691754 0.000122932 
0.604914 0.73098 0.000124305 
0.553294 0.767038 0.000126009 
0.499469 0.799779 0.000128035 
0.443654 0.829069 0.000130371 
0.38607 0.854784 0.000133003 
0.326947 0.876818 0.000135916 
0.266524 0.89508 0.000139094 
0.205042 0.909492 0.00014252 
0.142748 0.919996 0.000146175 
0.0798936 0.926545 0.00015004 
0.016731 0.929114 0.000154092 
-0.0464855 0.92769 0.000158311 
-0.109502 0.922279 0.000162674 
-0.172064 0.912903 0.000167157 
-0.233921 0.8996 0.000171737 
-0.294826 0.882425 0.000176389 
-0.354534 0.861449 0.000181087 
-0.412807 0.836757 0.000185808 
-0.469414 0.808451 0.000190524 
-0.52413 0.776647 0.000195211 
-0.576739 0.741474 0.000199843 
-0.627033 0.703076 0.000204395 
-0.674817 0.661608 0.000208841 
-0.719903 0.61724 0.000213157 
-0.762118 0.570149 0.000217319 
-0.801299 0.520526 0.000221302 
-0.837297 0.46857 0.000225084 
-0.869976 0.414489 0.000228642 
-0.899212 0.358497 0.000231954 
-0.924898 0.300816 0.000235 
-0.946941 0.241676 0.000237761 
-0.965261 0.181307 0.000240218 
-0.979795 0.119947 0.000242353 
-0.990494 0.0578351 0.00024415 
-0.997323 -0.00478792 0.000245593 
-1.00026 -0.06768 0.00024667 
-0.999316 -0.130599 0.000247368 
-0.994487 -0.193304 0.000247676 
-0.985806 -0.255555 0.000247584 
-0.973312 -0.317117 0.000247083 
-0.957061 -0.377757 0.000246167 
-0.937122 -0.437246 0.000244831 
-0.913577 -0.49536 0.00024307 
-0.886523 -0.551884 0.000240883 
-0.856068 -0.606607 0.000238267 
-0.822334 -0.659325 0.000235224 
-0.785451 -0.709845 0.000231755 
-0.745565 -0.757979 0.000227863 
-0.70283 -0.803553 0.000223553 
-0.657409 -0.846398 0.000218831 
-0.609477 -0.88636 0.000213704 
-0.559216 -0.923291 0.000208181 
-0.506816 -0.957059 0.000202272 
-0.452476 -0.987542 0.000195987 
-0.3964 -1.01463 0.000189338 
-0.338797 -1.03822 0.00018234 
-0.279885 -1.05824 0.000175006 
-0.219883 -1.0746 0.000167352 
-0.159016 -1.08726 0.000159394 
-0.0975092 -1.09616 0.000151149 
-0.0355931 -1.10127 0.000142636 
0.0265018 -1.10258 0.000133873 
0.0885442 -1.10009 0.00012488 
0.150303 -1.09379 0.000115678 
0.211546 -1.08372 0.000106286 
0.272047 -1.06991 9.67274e-05 
0.331577 -1.05241 8.70228e-05 
0.389914 -1.03129 7.71946e-05 
0.446838 -1.00661 6.72654e-05 
0.502134 -0.978483 5.72579e-05 
0.555593 -0.946998 4.71949e-05 
0.607011 -0.912274 3.70996e-05 
0.656192 -0.874439 2.69947e-05 
0.702948 -0.833632 1.69033e-05 
0.747098 -0.790005 6.84823e-06 
0.788471 -0.743719 -3.14798e-06 
0.826906 -0.694948 -1.30629e-05 
0.86225 -0.643873 -2.28746e-05 
0.894365 -0.590687 -3.25614e-05 
0.923121 -0.535591 -4.21022e-05 
0.948403 -0.478792 -5.14762e-05 
0.970106 -0.420508 -6.06635e-05 
0.988141 -0.36096 -6.96447e-05 
1.00243 -0.300378 -7.84009e-05 
1.01291 -0.238995 -8.69143e-05 
1.01954 -0.177048 -9.51678e-05 
1.02227 -0.114779 -0.000103145 
1.0211 -0.0524307 -0.000110831 
1.01602 0.0097523 -0.000118211 
1.00704 0.0715249 -0.000125271 
0.994185 0.132643 -0.000132001 
0.977506 0.192862 -0.000138389 
0.95706 0.251944 -0.000144424 
0.932919 0.309651 -0.000150099 
0.905174 0.36575 -0.000155407 
0.873929 0.420016 -0.000160343 
0.839302 0.472229 -0.000164901 
0.801426 0.522176 -0.000169079 
0.760448 0.569654 -0.000172877 
0.716528 0.614468 -0.000176295 
0.669839 0.656434 -0.000179335 
0.620563 0.69538 -0.000182001 
0.568896 0.731146 -0.000184298 
0.515044 0.763583 -0.000186234 
0.459222 0.792557 -0.000187818 
0.401652 0.817947 -0.00018906 
0.342566 0.83965 -0.000189972 
0.282202 0.857573 -0.000190568 
0.220801 0.871642 -0.000190863 
0.158613 0.881799 -0.000190874 
0.0958863 0.888001 -0.000190618 
0.0328752 0.890222 -0.000190116 
-0.0301666 0.888453 -0.000189387 
-0.0929849 0.882699 -0.000188454 
-0.155327 0.872985 -0.000187339 
-0.216942 0.859351 -0.000186066 
-0.277582 0.841853 -0.000184659 
-0.337005 0.820562 -0.000183144 
-0.394974 0.795566 -0.000181547 
-0.451256 0.766968 -0.000179893 
-0.50563 0.734884 -0.000178211 
-0.557878 0.699445 -0.000176526 
-0.607797 0.660796 -0.000174866 
-0.655189 0.619093 -0.000173259 
-0.69987 0.574506 -0.00017173 
-0.741667 0.527214 -0.000170308 
-0.780419 0.477407 -0.000169018 
-0.815976 0.425286 -0.000167886 
-0.848205 0.371057 -0.000166939 
-0.876983 0.314937 -0.0001662 
-0.902205 0.257149 -0.000165695 
-0.923778 0.197919 -0.000165446 
-0.941623 0.137481 -0.000165475 
-0.955678 0.0760719 -0.000165804 
-0.965896 0.0139302 -0.000166454 
-0.972243 -0.0487027 -0.000167443 
-0.974703 -0.111585 -0.000168789 
-0.973272 -0.174475 -0.000170508 
-0.967965 -0.237131 -0.000172617 
-0.958806 -0.299315 -0.000175128 
-0.94584 -0.36079 -0.000178054 
-0.929121 -0.421324 -0.000181406 
-0.90872 -0.480689 -0.000185193 
-0.884721 -0.538662 -0.000189424 
-0.85722 -0.595026 -0.000194104 
-0.826327 -0.649572 -0.000199239 
-0.792163 -0.702098 -0.000204831 
-0.754862 -0.752408 -0.000210883 
-0.714569 -0.800318 -0.000217395 
-0.671439 -0.845651 -0.000224365 
-0.625636 -0.888242 -0.000231791 
-0.577336 -0.927936 -0.000239668 
-0.526722 -0.964586 -0.000247989 
-0.473985 -0.998062 -0.000256749 
-0.419323 -1.02824 -0.000265938 
-0.362942 -1.05501 -0.000275546 
-0.305053 -1.07828 -0.000285561 
-0.245872 -1.09796 -0.000295971 
-0.18562 -1.11399 -0.000306761 
-0.124521 -1.1263 -0.000317917 
-0.0628029 -1.13485 -0.000329422 
-0.000695442 -1.13961 -0.000341258 
0.0615705 -1.14056 -0.000353407 
0.123763 -1.1377 -0.000365849 
0.185652 -1.13105 -0.000378565 
0.247005 -1.12061 -0.000391531 
0.307593 -1.10645 -0.000404727 
0.367191 -1.08859 -0.00041813 
0.425576 -1.06712 -0.000431716 
0.482527 -1.0421 -0.000445462 
0.53783 -1.01364 -0.000459342 
0.591277 -0.981828 -0.000473333 
0.642665 -0.946787 -0.000487408 
0.691798 -0.908646 -0.000501544 
0.738488 -0.867545 -0.000515713 
0.782556 -0.823637 -0.000529892 
0.823832 -0.777085 -0.000544053 
0.862154 -0.728062 -0.000558173 
0.897373 -0.676751 -0.000572226 
0.929349 -0.623346 -0.000586187 
0.957956 -0.568048 -0.000600032 
0.983077 -0.511065 -0.000613737 
1.00461 -0.452614 -0.000627279 
1.02247 -0.39292 -0.000640635 
1.03657 -0.332209 -0.000653783 
1.04687 -0.270717 -0.000666703 
1.0533 -0.208681 -0.000679374 
1.05584 -0.146342 -0.000691777 
1.05447 -0.0839436 -0.000703893 
1.04919 -0.0217299 -0.000715707 
1.04001 0.040054 -0.000727203 
1.02697 0.101164 -0.000738365 
1.0101 0.161357 -0.000749181 
0.989468 0.220393 -0.000759639 
0.965148 0.278035 -0.000769728 
0.937231 0.334053 -0.000779439 
0.905822 0.38822 -0.000788765 
0.871042 0.440317 -0.0007977 
0.833023 0.490131 -0.00080624 
0.791915 0.537461 -0.00081438 
0.747878 0.582112 -0.000822121 
0.701085 0.623902 -0.000829461 
0.651721 0.662658 -0.000836403 
0.599983 0.698221 -0.00084295 
0.546078 0.730445 -0.000849107 
0.49022 0.759195 -0.00085488 
0.432634 0.784354 -0.000860278 
0.373552 0.805816 -0.000865311 
0.313212 0.823492 -0.000869988 
0.251857 0.83731 -0.000874324 
0.189736 0.847212 -0.000878332 
0.127099 0.853156 -0.000882027 
0.0641995 0.855118 -0.000885428 
0.00129228 0.853091 -0.000888551 
-0.061369 0.847082 -0.000891417 
-0.123531 0.837117 -0.000894047 
-0.184944 0.823237 -0.000896461 
-0.245361 0.805499 -0.000898684 
-0.304539 0.783978 -0.000900738 
-0.362242 0.758761 -0.000902647 
-0.418238 0.729953 -0.000904438 
-0.472306 0.697672 -0.000906136 
-0.524231 0.662051 -0.000907767 
-0.573809 0.623233 -0.000909358 
-0.620844 0.581379 -0.000910936 
-0.665153 0.536657 -0.000912526 
-0.706564 0.489248 -0.000914158 
-0.744917 0.439343 -0.000915856 
-0.780065 0.387143 -0.000917649 
-0.811874 0.332855 -0.000919561 
-0.840225 0.276698 -0.00092162 
-0.865012 0.218892 -0.000923851 
-0.886144 0.159666 -0.000926277 
-0.903545 0.0992529 -0.000928924 
-0.917152 0.0378897 -0.000931814 
-0.926921 -0.0241847 -0.000934969 
-0.932819 -0.0867292 -0.000938412 
-0.93483 -0.149502 -0.000942161 
-0.932954 -0.212262 -0.000946236 
-0.927204 -0.274768 -0.000950655 
-0.917607 -0.336782 -0.000955435 
-0.904209 -0.398067 -0.00096059 
-0.887064 -0.458393 -0.000966134 
-0.866245 -0.517531 -0.000972081 
-0.841837 -0.57526 -0.00097844 
-0.813936 -0.631362 -0.000985222 
-0.782653 -0.68563 -0.000992434 
-0.748111 -0.737862 -0.00100008 
-0.710444 -0.787863 -0.00100817 
-0.669797 -0.835449 -0.00101671 
-0.626327 -0.880445 -0.00102569 
-0.580198 -0.922686 -0.00103513 
-0.531586 -0.962017 -0.001045 
-0.480676 -0.998293 -0.00105533 
-0.427658 -1.03138 -0.00106609 
-0.372732 -1.06117 -0.00107728 
-0.316104 -1.08754 -0.0010889 
-0.257984 -1.11039 -0.00110094 
-0.198591 -1.12966 -0.00111339 
-0.138145 -1.14526 -0.00112623 
-0.0768704 -1.15714 -0.00113946 
-0.0149959 -1.16525 -0.00115305 
0.047249 -1.16957 -0.001167 
0.109633 -1.17009 -0.00118129 
0.171924 -1.16679 -0.0011959 
0.233891 -1.15969 -0.0012108 
0.295303 -1.14882 -0.00122599 
0.35593 -1.13422 -0.00124144 
0.415548 -1.11593 -0.00125713 
0.473931 -1.09403 -0.00127303 
0.530862 -1.06859 -0.00128913 
0.586125 -1.03971 -0.0013054 
0.639514 -1.00749 -0.00132181 
0.690824 -0.972048 -0.00133834 
0.739862 -0.933519 -0.00135496 
0.786439 -0.892042 -0.00137166 
0.830378 -0.84777 -0.00138839 
0.871507 -0.800869 -0.00140515 
0.909669 -0.751511 -0.00142189 
0.944712 -0.699882 -0.0014386 
0.9765 -0.646176 -0.00145524 
1.00491 -0.590594 -0.0014718 
1.02982 -0.533347 -0.00148824 
1.05113 -0.474651 -0.00150454 
1.06876 -0.414731 -0.00152068 
1.08262 -0.353816 -0.00153663 
1.09267 -0.29214 -0.00155237 
1.09886 -0.229942 -0.00156787 
1.10115 -0.167462 -0.00158312 
1.09952 -0.104944 -0.00159809 
1.09399 -0.042633 -0.00161277 
1.08456 0.019227 -0.00162713 
1.07127 0.0803914 -0.00164116 
1.05415 0.140618 -0.00165484 
1.03328 0.199667 -0.00166815 
1.00872 0.257303 -0.00168109 
0.98058 0.313295 -0.00169364 
0.948953 0.367416 -0.0017058 
0.913964 0.41945 -0.00171754 
0.875749 0.469184 -0.00172887 
0.834455 0.516417 -0.00173979 
0.790246 0.560955 -0.00175028 
0.743295 0.602618 -0.00176034 
0.693789 0.641235 -0.00176999 
0.641923 0.676645 -0.00177921 
0.587907 0.708705 -0.00178801 
0.531955 0.737282 -0.00179639 
0.474293 0.762258 -0.00180437 
0.415154 0.78353 -0.00181195 
0.354775 0.801011 -0.00181914 
0.293401 0.814627 -0.00182596 
0.23128 0.824324 -0.00183241 
0.168663 0.830061 -0.00183852 
0.105805 0.831815 -0.00184429 
0.0429592 0.829579 -0.00184976 
-0.0196201 0.823364 -0.00185492 
-0.0816801 0.813196 -0.00185981 
-0.14297 0.799117 -0.00186445 
-0.203244 0.781187 -0.00186886 
-0.262258 0.75948 -0.00187305 
-0.319778 0.734087 -0.00187707 
-0.375572 0.705113 -0.00188093 
-0.42942 0.672677 -0.00188465 
-0.481106 0.636913 -0.00188826 
-0.530428 0.597967 -0.0018918 
-0.577192 0.555999 -0.00189528 
-0.621214 0.51118 -0.00189873 
-0.662324 0.463691 -0.00190218 
-0.700363 0.413724 -0.00190566 
-0.735185 0.361481 -0.00190918 
-0.766658 0.30717 -0.00191279 
-0.794663 0.251009 -0.0019165 
-0.819097 0.193221 -0.00192035 
-0.83987 0.134034 -0.00192435 
-0.856906 0.0736825 -0.00192852 
-0.870145 0.012402 -0.00193291 
-0.879544 -0.0495677 -0.00193751 
-0.885071 -0.111986 -0.00194237 
-0.886712 -0.17461 -0.00194749 
-0.884468 -0.2372 -0.0019529 
-0.878353 -0.299515 -0.00195862 
-0.868397 -0.361316 -0.00196466 
-0.854645 -0.422369 -0.00197105 
-0.837155 -0.482442 -0.00197778 
-0.815998 -0.541308 -0.00198489 
-0.791261 -0.598746 -0.00199237 
-0.763043 -0.654541 -0.00200025 
-0.731454 -0.708483 -0.00200852 
-0.696618 -0.760373 -0.0020172 
-0.658671 -0.810016 -0.0020263 
-0.617758 -0.857231 -0.00203581 
-0.574036 -0.901842 -0.00204575 
-0.527672 -0.943685 -0.0020561 
-0.47884 -0.982606 -0.00206688 
-0.427726 -1.01846 -0.00207808 
-0.374522 -1.05112 -0.00208969 
-0.319428 -1.08047 -0.00210172 
-0.262648 -1.10639 -0.00211415 
-0.204396 -1.12879 -0.00212699 
-0.144888 -1.1476 -0.00214021 
-0.0843467 -1.16273 -0.00215382 
-0.0229957 -1.17415 -0.00216779 
0.0389365 -1.18179 -0.00218212 
0.10122 -1.18564 -0.00219679 
0.163623 -1.18568 -0.00221178 
0.225914 -1.18191 -0.00222708 
0.287862 -1.17434 -0.00224267 
0.349235 -1.163 -0.00225854 
0.409805 -1.14793 -0.00227466 
0.469345 -1.12918 -0.002291 
0.527633 -1.10682 -0.00230756 
0.58445 -1.08094 -0.0023243 
0.639581 -1.05161 -0.00234121 
0.692819 -1.01896 -0.00235825 
0.743962 -0.983093 -0.00237542 
0.792814 -0.944151 -0.00239266 
0.83919 -0.902272 -0.00240998 
0.882911 -0.857611 -0.00242733 
0.923807 -0.810334 -0.0024447 
0.961721 -0.760616 -0.00246205 
0.996503 -0.708642 -0.00247936 
1.02802 -0.654607 -0.0024966 
1.05614 -0.598714 -0.00251375 
1.08075 -0.541174 -0.00253078 
1.10175 -0.482205 -0.00254767 
1.11907 -0.422031 -0.00256439 
1.13261 -0.360883 -0.00258092 
1.14233 -0.298995 -0.00259723 
1.14818 -0.236605 -0.00261329 
1.15013 -0.173957 -0.0026291 
1.14817 -0.111292 -0.00264462 
1.14229 -0.048856 -0.00265983 
1.13252 0.013106 -0.00267472 
1.11889 0.0743502 -0.00268926 
1.10144 0.134634 -0.00270345 
1.08024 0.193719 -0.00271725 
1.05536 0.251369 -0.00273067 
1.0269 0.307353 -0.00274369 
0.994973 0.361447 -0.00275629 
0.95969 0.413433 -0.00276846 
0.921192 0.463101 -0.0027802 
0.87963 0.510249 -0.00279151 
0.835166 0.554686 -0.00280237 
0.787976 0.596232 -0.00281278 
0.738247 0.634715 -0.00282275 
0.686176 0.66998 -0.00283227 
0.631972 0.701881 -0.00284134 
0.575851 0.730288 -0.00284998 
0.51804 0.755084 -0.00285818 
0.45877 0.776168 -0.00286596 
0.398281 0.793453 -0.00287331 
0.336817 0.806869 -0.00288027 
0.274626 0.81636 -0.00288683 
0.211961 0.821889 -0.00289301 
0.149074 0.823434 -0.00289883 
0.0862205 0.820989 -0.0029043 
0.0236536 0.814566 -0.00290945 
-0.0383737 0.804193 -0.00291429 
-0.0996113 0.789913 -0.00291885 
-0.159813 0.771787 -0.00292315 
-0.218736 0.749892 -0.00292721 
-0.276146 0.724318 -0.00293106 
-0.331813 0.695172 -0.00293472 
-0.385515 0.662575 -0.00293821 
-0.43704 0.626662 -0.00294157 
-0.486184 0.58758 -0.00294483 
-0.532754 0.545489 -0.002948 
-0.576569 0.500563 -0.00295112 
-0.617458 0.452982 -0.00295422 
-0.655263 0.402941 -0.00295732 
-0.689841 0.350641 -0.00296045 
-0.721059 0.296292 -0.00296364 
-0.748801 0.240112 -0.00296692 
-0.772964 0.182324 -0.00297031 
-0.793458 0.123159 -0.00297384 
-0.810211 0.0628484 -0.00297753 
-0.823164 0.00163086 -0.00298141 
-0.832273 -0.0602545 -0.00298551 
-0.83751 -0.122567 -0.00298985 
-0.838861 -0.185064 -0.00299444 
-0.836328 -0.247505 -0.00299931 
-0.829927 -0.309649 -0.00300448 
-0.81969 -0.371259 -0.00300997 
-0.805662 -0.4321 -0.00301579 
-0.787903 -0.49194 -0.00302196 
-0.766486 -0.550554 -0.0030285 
-0.741498 -0.607721 -0.00303541 
-0.713039 -0.663225 -0.00304271 
-0.681222 -0.71686 -0.00305041 
-0.64617 -0.768424 -0.00305851 
-0.60802 -0.817728 -0.00306702 
-0.56692 -0.864586 -0.00307595 
-0.523025 -0.908827 -0.0030853 
-0.476504 -0.950287 -0.00309508 
-0.427534 -0.988813 -0.00310527 
-0.376298 -1.02426 -0.00311588 
-0.32299 -1.05651 -0.00312691 
-0.26781 -1.08543 -0.00313836 
-0.210964 -1.11092 -0.00315021 
-0.152664 -1.13288 -0.00316245 
-0.0931285 -1.15124 -0.00317509 
-0.0325782 -1.16593 -0.0031881 
0.0287616 -1.17689 -0.00320148 
0.0906627 -1.18408 -0.00321521 
0.152895 -1.18748 -0.00322928 
0.215228 -1.18707 -0.00324367 
0.277429 -1.18284 -0.00325837 
0.339267 -1.17483 -0.00327334 
0.400511 -1.16304 -0.00328859 
0.460932 -1.14753 -0.00330408 
0.520305 -1.12834 -0.00331979 
0.578408 -1.10555 -0.0033357 
0.635021 -1.07924 -0.00335178 
0.689931 -1.0495 -0.00336802 
0.74293 -1.01645 -0.00338438 
0.793817 -0.980189 -0.00340085 
0.842398 -0.940864 -0.00341739 
0.888486 -0.898615 -0.00343397 
0.931904 -0.853598 -0.00345058 
0.972484 -0.805978 -0.00346718 
1.01007 -0.755932 -0.00348375 
1.04451 -0.703646 -0.00350026 
1.07567 -0.649316 -0.00351668 
1.10342 -0.593145 -0.00353298 
1.12766 -0.535344 -0.00354914 
1.14828 -0.476134 -0.00356513 
1.16519 -0.415738 -0.00358093 
1.17834 -0.354387 -0.0035965 
1.18765 -0.292317 -0.00361183 
1.19309 -0.229767 -0.00362688 
1.19463 -0.166978 -0.00364164 
1.19225 -0.104196 -0.00365609 
1.18596 -0.0416637 -0.0036702 
1.17577 0.0203726 -0.00368395 
1.16173 0.081669 -0.00369732 
1.14387 0.141983 -0.00371029 
1.12226 0.201076 -0.00372286 
1.09699 0.258713 -0.003735 
1.06814 0.314663 -0.0037467 
1.03582 0.368702 -0.00375795 
1.00017 0.420612 -0.00376873 
0.961315 0.470185 -0.00377905 
0.919408 0.51722 -0.00378889 
0.874614 0.561525 -0.00379826 
0.827109 0.602922 -0.00380714 
0.777082 0.641242 -0.00381553 
0.724731 0.676328 -0.00382344 
0.670266 0.708037 -0.00383087 
0.613904 0.73624 -0.00383783 
0.555872 0.760822 -0.00384431 
0.496402 0.781682 -0.00385034 
0.435734 0.798735 -0.00385591 
0.374114 0.811913 -0.00386105 
0.311789 0.821162 -0.00386576 
0.249012 0.826445 -0.00387006 
0.186035 0.827742 -0.00387396 
0.123114 0.825049 -0.00387749 
0.0605017 0.818379 -0.00388067 
-0.00154921 0.807762 -0.00388351 
-0.0627891 0.793242 -0.00388604 
-0.122972 0.774882 -0.00388828 
-0.181857 0.752759 -0.00389025 
-0.239208 0.726965 -0.00389199 
-0.294798 0.697609 -0.00389352 
-0.348404 0.664812 -0.00389486 
-0.399816 0.628711 -0.00389604 
-0.448831 0.589453 -0.0038971 
-0.495257 0.547201 -0.00389805 
-0.538914 0.502127 -0.00389893 
-0.579631 0.454415 -0.00389977 
-0.617252 0.404259 -0.0039006 
-0.651635 0.35186 -0.00390145 
-0.682648 0.297431 -0.00390234 
-0.710176 0.241188 -0.0039033 
-0.734118 0.183358 -0.00390437 
-0.754384 0.124168 -0.00390557 
-0.770905 0.063854 -0.00390693 
-0.783621 0.00265251 -0.00390847 
-0.792492 -0.0591964 -0.00391022 
-0.797488 -0.121451 -0.0039122 
-0.7986 -0.183871 -0.00391445 
-0.795829 -0.246213 -0.00391698 
-0.789193 -0.308238 -0.00391981 
-0.778724 -0.369709 -0.00392296 
-0.76447 -0.43039 -0.00392646 
-0.746491 -0.490051 -0.00393032 
-0.724863 -0.548466 -0.00393455 
-0.699672 -0.605414 -0.00393917 
-0.671021 -0.660682 -0.0039442 
-0.639022 -0.714063 -0.00394964 
-0.603802 -0.765356 -0.00395551 
-0.565498 -0.814372 -0.0039618 
-0.524256 -0.860928 -0.00396854 
-0.480237 -0.904852 -0.00397572 
-0.433607 -0.945981 -0.00398334 
-0.384544 -0.984164 -0.00399141 
-0.333234 -1.01926 -0.00399993 
-0.27987 -1.05114 -0.00400889 
-0.224652 -1.07969 -0.00401829 
-0.167788 -1.1048 -0.00402812 
-0.10949 -1.12637 -0.00403837 
-0.0499763 -1.14434 -0.00404905 
0.0105321 -1.15863 -0.00406012 
0.0718095 -1.16919 -0.00407159 
0.133628 -1.17598 -0.00408344 
0.195757 -1.17897 -0.00409565 
0.257966 -1.17816 -0.0041082 
0.320023 -1.17354 -0.00412109 
0.381697 -1.16512 -0.00413428 
0.442757 -1.15294 -0.00414776 
0.502975 -1.13704 -0.0041615 
0.562126 -1.11747 -0.00417548 
0.619987 -1.09431 -0.00418969 
0.676341 -1.06764 -0.00420408 
0.730973 -1.03754 -0.00421864 
0.783678 -1.00414 -0.00423334 
0.834255 -0.967548 -0.00424814 
0.882509 -0.927901 -0.00426304 
0.928256 -0.885344 -0.00427798 
0.971318 -0.840032 -0.00429295 
1.01153 -0.792132 -0.00430792 
1.04873 -0.741822 -0.00432285 
1.08277 -0.689289 -0.00433772 
1.11353 -0.634727 -0.00435249 
1.14087 -0.578343 -0.00436714 
1.16468 -0.520348 -0.00438163 
1.18487 -0.460961 -0.00439595 
1.20134 -0.400408 -0.00441005 
1.21404 -0.33892 -0.00442391 
1.22291 -0.276733 -0.0044375 
1.22789 -0.214086 -0.00445081 
1.22897 -0.151222 -0.00446379 
1.22614 -0.0883847 -0.00447642 
1.21939 -0.0258192 -0.00448869 
1.20874 0.0362292 -0.00450057 
1.19424 0.0975164 -0.00451204 
1.17594 0.1578 -0.00452308 
1.15388 0.216842 -0.00453366 
1.12817 0.274406 -0.00454378 
1.09889 0.330263 -0.00455342 
1.06616 0.384188 -0.00456257 
1.03009 0.435966 -0.00457121 
0.990835 0.485387 -0.00457933 
0.948542 0.532251 -0.00458693 
0.903376 0.576369 -0.00459401 
0.855514 0.617561 -0.00460055 
0.805147 0.655661 -0.00460656 
0.752475 0.690512 -0.00461204 
0.697706 0.721972 -0.00461699 
0.64106 0.749915 -0.00462141 
0.582764 0.774225 -0.00462532 
0.523052 0.794803 -0.00462871 
0.462165 0.811568 -0.00463161 
0.400346 0.824449 -0.00463401 
0.337846 0.833397 -0.00463595 
0.274916 0.838375 -0.00463743 
0.211811 0.839365 -0.00463847 
0.148783 0.836365 -0.0046391 
0.086088 0.829389 -0.00463932 
0.023977 0.818468 -0.00463917 
-0.0373003 0.803649 -0.00463868 
-0.0974985 0.784994 -0.00463785 
-0.156377 0.762584 -0.00463673 
-0.213701 0.736512 -0.00463533 
-0.269243 0.706887 -0.0046337 
-0.322782 0.673833 -0.00463184 
-0.374109 0.637485 -0.00462981 
-0.423021 0.597996 -0.00462762 
-0.469328 0.555525 -0.0046253 
-0.512849 0.510248 -0.00462289 
-0.553417 0.462349 -0.00462043 
-0.590876 0.412022 -0.00461793 
-0.625085 0.359471 -0.00461543 
-0.655914 0.304906 -0.00461296 
-0.683249 0.248548 -0.00461055 
-0.706988 0.19062 -0.00460824 
-0.727047 0.131353 -0.00460605 
-0.743354 0.0709809 -0.00460401 
-0.755853 0.00974138 -0.00460215 
-0.764504 -0.0521255 -0.00460049 
-0.769279 -0.114378 -0.00459907 
-0.770169 -0.176775 -0.00459791 
-0.767178 -0.239075 -0.00459703 
-0.760324 -0.301038 -0.00459645 
-0.749642 -0.362427 -0.00459621 
-0.735179 -0.423006 -0.00459631 
-0.716998 -0.482546 -0.00459679 
-0.695175 -0.540821 -0.00459765 
-0.669798 -0.597612 -0.00459891 
-0.640971 -0.652704 -0.00460059 
-0.608807 -0.705891 -0.00460271 
-0.573434 -0.756975 -0.00460526 
-0.534989 -0.805765 -0.00460827 
-0.493622 -0.85208 -0.00461175 
-0.449491 -0.895749 -0.00461569 
-0.402766 -0.936611 -0.0046201 
-0.353625 -0.974514 -0.00462499 
-0.302254 -1.00932 -0.00463035 
-0.248847 -1.0409 -0.00463619 
-0.193605 -1.06913 -0.0046425 
-0.136736 -1.09392 -0.00464928 
-0.0784534 -1.11517 -0.00465653 
-0.0189744 -1.13281 -0.00466422 
0.0414785 -1.14676 -0.00467237 
0.10268 -1.15699 -0.00468094 
0.164401 -1.16344 -0.00468994 
0.226413 -1.16609 -0.00469933 
0.288483 -1.16493 -0.00470912 
0.350381 -1.15997 -0.00471928 
0.411874 -1.15122 -0.00472979 
0.472734 -1.13871 -0.00474062 
0.532733 -1.12249 -0.00475177 
0.591644 -1.1026 -0.00476319 
0.649246 -1.07913 -0.00477488 
0.705322 -1.05215 -0.0047868 
0.75966 -1.02177 -0.00479892 
0.812052 -0.988084 -0.00481122 
0.862299 -0.951225 -0.00482367 
0.910208 -0.911324 -0.00483624 
0.955595 -0.868526 -0.0048489 
0.998283 -0.822988 -0.00486161 
1.03811 -0.774879 -0.00487435 
1.07491 -0.724375 -0.00488708 
1.10854 -0.671664 -0.00489978 
1.13887 -0.616944 -0.0049124 
1.16578 -0.560419 -0.00492492 
1.18915 -0.502301 -0.00493731 
1.20889 -0.442811 -0.00494953 
1.22492 -0.382175 -0.00496155 
