0.921891 0.38653 -9.34198e-05 
0.895107 0.443612 -9.29338e-05 
0.86478 0.498937 -9.20786e-05 
0.831023 0.552283 -9.0857e-05 
0.793965 0.603435 -8.92734e-05 
0.753748 0.652186 -8.73332e-05 
0.710526 0.698338 -8.50438e-05 
0.664469 0.741702 -8.24137e-05 
0.615757 0.782102 -7.94529e-05 
0.56458 0.819373 -7.61729e-05 
0.511142 0.853361 -7.25863e-05 
0.455654 0.883928 -6.87073e-05 
0.398339 0.910947 -6.45511e-05 
0.339423 0.934309 -6.0134e-05 
0.279144 0.953917 -5.54737e-05 
0.217743 0.96969 -5.05886e-05 
0.155466 0.981566 -4.54982e-05 
0.0925647 0.989494 -4.02229e-05 
0.0292908 0.993444 -3.47838e-05 
-0.0341009 0.993401 -2.92026e-05 
-0.0973557 0.989366 -2.35016e-05 
-0.16022 0.981357 -1.77038e-05 
-0.22244 0.969409 -1.18321e-05 
-0.283769 0.953572 -5.91017e-06 
-0.343961 0.933914 3.84877e-08 
-0.402776 0.910517 5.99019e-06 
-0.459981 0.88348 1.19213e-05 
-0.515349 0.852914 1.78084e-05 
-0.568662 0.818946 2.36282e-05 
-0.619711 0.781718 2.9358e-05 
-0.668296 0.741381 3.49752e-05 
-0.71423 0.698103 4.0458e-05 
-0.757335 0.652058 4.57852e-05 
-0.797445 0.603435 5.09361e-05 
-0.834409 0.55243 5.58912e-05 
-0.868087 0.499249 6.06315e-05 
-0.898354 0.444106 6.51391e-05 
-0.925098 0.387221 6.93972e-05 
-0.948223 0.32882 7.33898e-05 
-0.967645 0.269135 7.71022e-05 
-0.983299 0.208401 8.05209e-05 
-0.995131 0.146856 8.36336e-05 
-1.0031 0.0847419 8.64292e-05 
-1.0072 0.0222989 8.88979e-05 
-1.0074 -0.0402308 9.10312e-05 
-1.00373 -0.102606 9.2822e-05 
-0.996195 -0.164588 9.42644e-05 
-0.984842 -0.225939 9.53541e-05 
-0.969722 -0.286427 9.6088e-05 
-0.950898 -0.345821 9.64642e-05 
-0.928451 -0.403898 9.64826e-05 
-0.902473 -0.46044 9.61439e-05 
-0.873068 -0.515234 9.54506e-05 
-0.840356 -0.568077 9.44063e-05 
-0.804464 -0.618771 9.30158e-05 
-0.765534 -0.667129 9.12854e-05 
-0.723718 -0.712972 8.92224e-05 
-0.679176 -0.756131 8.68354e-05 
-0.63208 -0.796447 8.41343e-05 
-0.58261 -0.833772 8.11298e-05 
-0.530954 -0.867968 7.7834e-05 
-0.477307 -0.898912 7.42598e-05 
-0.421874 -0.92649 7.04213e-05 
-0.364861 -0.9506 6.63333e-05 
-0.306483 -0.971155 6.20116e-05 
-0.24696 -0.988079 5.74729e-05 
-0.186514 -1.00131 5.27345e-05 
-0.125371 -1.0108 4.78145e-05 
-0.0637605 -1.01651 4.27317e-05 
-0.0019117 -1.01842 3.75054e-05 
0.0599437 -1.01653 3.21554e-05 
0.121574 -1.01084 2.67021e-05 
0.182749 -1.00136 2.11661e-05 
0.243239 -0.988133 1.55686e-05 
0.302817 -0.971205 9.93065e-06 
0.361259 -0.950635 4.27386e-06 
0.418343 -0.926497 -1.38025e-06 
0.473853 -0.898877 -7.01007e-06 
0.527579 -0.867875 -1.2594e-05 
0.579316 -0.833603 -1.81106e-05 
0.628866 -0.796186 -2.35386e-05 
0.676036 -0.75576 -2.88569e-05 
0.720646 -0.712473 -3.40448e-05 
0.762521 -0.666485 -3.90821e-05 
0.801497 -0.617965 -4.39489e-05 
0.837419 -0.567094 -4.86261e-05 
0.870145 -0.51406 -5.30949e-05 
0.899543 -0.459062 -5.73375e-05 
0.925493 -0.402308 -6.13367e-05 
0.947889 -0.34401 -6.50762e-05 
0.966635 -0.28439 -6.85406e-05 
0.981652 -0.223676 -7.17156e-05 
0.992872 -0.162099 -7.45877e-05 
1.00025 -0.0998956 -7.71448e-05 
1.00373 -0.0373067 -7.93757e-05 
1.00331 0.0254251 -8.12706e-05 
0.998977 0.0880554 -8.28208e-05 
0.990735 0.150339 -8.40191e-05 
0.97861 0.212031 -8.48595e-05 
0.962642 0.272888 -8.53376e-05 
0.942883 0.332669 -8.54501e-05 
0.919406 0.391135 -8.51953e-05 
0.892296 0.448053 -8.45732e-05 
0.861651 0.503195 -8.35849e-05 
0.827589 0.556339 -8.22332e-05 
0.790237 0.607269 -8.05223e-05 
0.74974 0.65578 -7.8458e-05 
0.706254 0.701674 -7.60474e-05 
0.659947 0.744764 -7.32992e-05 
0.611002 0.784875 -7.02232e-05 
0.559611 0.821842 -6.68311e-05 
0.505977 0.855514 -6.31354e-05 
0.450313 0.885753 -5.91502e-05 
0.392841 0.912434 -5.48907e-05 
0.333791 0.935447 -5.03733e-05 
0.273398 0.954699 -4.56155e-05 
0.211906 0.970111 -4.06357e-05 
0.14956 0.981619 -3.54535e-05 
0.0866118 0.989176 -3.00891e-05 
0.0233142 0.992754 -2.45635e-05 
-0.0400782 0.992337 -1.88984e-05 
-0.103311 0.987929 -1.31161e-05 
-0.16613 0.97955 -7.23932e-06 
-0.228283 0.967236 -1.29118e-06 
-0.289522 0.951038 4.70497e-06 
-0.349602 0.931026 1.07256e-05 
-0.408284 0.907283 1.67471e-05 
-0.465335 0.879908 2.2746e-05 
-0.520529 0.849016 2.86989e-05 
-0.573649 0.814735 3.45827e-05 
-0.624487 0.777206 4.03746e-05 
-0.672843 0.736583 4.60523e-05 
-0.718531 0.693033 5.15939e-05 
-0.761374 0.646733 5.69783e-05 
-0.801209 0.597872 6.21852e-05 
-0.837884 0.546648 6.71948e-05 
-0.871261 0.493267 7.19883e-05 
-0.901216 0.437943 7.65479e-05 
-0.927639 0.380897 8.08568e-05 
-0.950434 0.322356 8.48991e-05 
-0.96952 0.262553 8.86603e-05 
-0.984832 0.201721 9.21269e-05 
-0.996318 0.140101 9.52865e-05 
-1.00394 0.0779325 9.81282e-05 
-1.00769 0.0154574 0.000100642 
-1.00754 -0.0470824 0.00010282 
-1.00352 -0.109446 0.000104655 
-0.995637 -0.171395 0.00010614 
-0.983942 -0.232691 0.000107272 
-0.968484 -0.293103 0.000108048 
-0.94933 -0.352401 0.000108465 
-0.92656 -0.410362 0.000108524 
-0.900268 -0.466768 0.000108225 
-0.870559 -0.521408 0.000107571 
-0.837554 -0.574077 0.000106565 
-0.801382 -0.624581 0.000105212 
-0.762185 -0.672732 0.000103519 
-0.720115 -0.718353 0.000101492 
-0.675335 -0.761274 9.91404e-05 
-0.628017 -0.801338 9.6474e-05 
-0.578341 -0.838399 9.35034e-05 
-0.526496 -0.87232 9.02407e-05 
-0.47268 -0.902977 8.66987e-05 
-0.417094 -0.930257 8.28915e-05 
-0.359948 -0.954063 7.88339e-05 
-0.301457 -0.974305 7.45417e-05 
-0.241841 -0.99091 7.00314e-05 
-0.181322 -1.00382 6.53206e-05 
-0.120126 -1.01298 6.04271e-05 
-0.0584832 -1.01836 5.53699e-05 
0.00337687 -1.01994 5.01682e-05 
0.0652228 -1.01772 4.48418e-05 
0.126823 -1.01169 3.94111e-05 
0.187947 -1.00189 3.38968e-05 
0.248366 -0.988339 2.83199e-05 
0.307852 -0.971092 2.27017e-05 
0.366181 -0.950209 1.70637e-05 
0.423134 -0.925765 1.14276e-05 
0.478494 -0.897848 5.81481e-06 
0.532051 -0.866558 2.47115e-07 
0.5836 -0.83201 -5.25404e-06 
0.632945 -0.794327 -1.06673e-05 
0.679894 -0.753649 -1.59717e-05 
0.724266 -0.710125 -2.11464e-05 
0.765888 -0.663913 -2.61711e-05 
0.804596 -0.615186 -3.1026e-05 
0.840238 -0.564125 -3.56917e-05 
0.872671 -0.510918 -4.01498e-05 
0.901765 -0.455767 -4.43821e-05 
0.927401 -0.398877 -4.83715e-05 
0.949473 -0.340464 -5.21017e-05 
0.967888 -0.280749 -5.55574e-05 
0.982568 -0.219961 -5.8724e-05 
0.993446 -0.158331 -6.15883e-05 
1.00047 -0.0960969 -6.41381e-05 
1.00361 -0.0334991 -6.63621e-05 
1.00284 0.0292196 -6.82506e-05 
0.998155 0.0918145 -6.9795e-05 
0.989565 0.154041 -7.0988e-05 
0.977095 0.215653 -7.18237e-05 
0.960785 0.276408 -7.22977e-05 
0.940692 0.336066 -7.24069e-05 
0.916888 0.394387 -7.21496e-05 
0.889458 0.45114 -7.15257e-05 
0.858505 0.506096 -7.05365e-05 
0.824145 0.559034 -6.91849e-05 
0.786509 0.609739 -6.74752e-05 
0.74574 0.658008 -6.54132e-05 
0.701998 0.703642 -6.30062e-05 
0.655451 0.746456 -6.02628e-05 
0.606282 0.786276 -5.71933e-05 
0.554686 0.822938 -5.3809e-05 
0.500866 0.856292 -5.01229e-05 
0.445036 0.886201 -4.6149e-05 
0.387418 0.912541 -4.19027e-05 
0.328243 0.935206 -3.74005e-05 
0.267747 0.954101 -3.266e-05 
0.206173 0.96915 -2.76997e-05 
0.143769 0.98029 -2.25393e-05 
0.0807846 0.987477 -1.71992e-05 
0.017474 0.990681 -1.17004e-05 
-0.0459087 0.989892 -6.06471e-06 
-0.109109 0.985112 -3.14601e-07 
-0.171872 0.976364 5.52714e-06 
-0.233948 0.963684 1.14373e-05 
-0.295087 0.947127 1.73925e-05 
-0.355045 0.926761 2.3369e-05 
-0.413584 0.902674 2.93432e-05 
-0.470471 0.874965 3.52916e-05 
-0.525482 0.843749 4.11906e-05 
-0.5784 0.809156 4.70171e-05 
-0.629016 0.771328 5.27483e-05 
-0.677134 0.730421 5.83617e-05 
-0.722568 0.686602 6.38356e-05 
-0.765141 0.640051 6.91487e-05 
-0.804692 0.590955 7.42805e-05 
-0.84107 0.539515 7.92115e-05 
-0.874138 0.485936 8.39228e-05 
-0.903773 0.430434 8.83964e-05 
-0.929867 0.37323 9.26157e-05 
-0.952325 0.314552 9.65648e-05 
-0.971068 0.254632 0.000100229 
-0.986031 0.193705 0.000103595 
-0.997164 0.132012 0.000106651 
-1.00443 0.0697918 0.000109384 
-1.00782 0.00728709 0.000111787 
-1.00732 -0.0552607 0.00011385 
-1.00294 -0.117611 0.000115566 
-0.994704 -0.179524 0.00011693 
-0.982661 -0.240764 0.000117937 
-0.966859 -0.301098 0.000118584 
-0.947368 -0.360298 0.000118869 
-0.924268 -0.418141 0.000118793 
-0.897656 -0.474409 0.000118356 
-0.867637 -0.528893 0.00011756 
-0.834333 -0.581388 0.00011641 
-0.797874 -0.6317 0.00011491 
-0.758404 -0.679642 0.000113066 
-0.716075 -0.725038 0.000110887 
-0.67105 -0.767721 0.00010838 
-0.623504 -0.807532 0.000105555 
-0.573617 -0.844327 0.000102424 
-0.521578 -0.87797 9.89975e-05 
-0.467586 -0.908338 9.52898e-05 
-0.411842 -0.935321 9.13146e-05 
-0.354559 -0.958819 8.70867e-05 
-0.295949 -0.978748 8.26221e-05 
-0.236234 -0.995033 7.79374e-05 
-0.175637 -1.00762 7.305e-05 
-0.114384 -1.01645 6.79781e-05 
-0.0527037 -1.0215 6.27405e-05 
0.00917245 -1.02275 5.73566e-05 
0.0710136 -1.02019 5.18464e-05 
0.132588 -1.01383 4.623e-05 
0.193666 -1.0037 4.05285e-05 
0.254018 -0.989826 3.47627e-05 
0.313417 -0.972259 2.89541e-05 
0.371639 -0.951062 2.31243e-05 
0.428465 -0.926311 1.72948e-05 
0.483679 -0.898095 1.14873e-05 
0.537072 -0.866517 5.72345e-06 
0.588439 -0.83169 2.48778e-08 
0.637583 -0.793741 -5.58709e-06 
0.684316 -0.75281 -1.10913e-05 
0.728456 -0.709046 -1.64671e-05 
0.76983 -0.66261 -2.16939e-05 
0.808277 -0.613675 -2.67519e-05 
0.843644 -0.562421 -3.16217e-05 
0.87579 -0.509041 -3.62846e-05 
0.904586 -0.453733 -4.07225e-05 
0.929914 -0.396707 -4.49182e-05 
0.951669 -0.338176 -4.88552e-05 
0.969759 -0.278365 -5.2518e-05 
0.984107 -0.2175 -5.5892e-05 
0.994649 -0.155816 -5.89639e-05 
1.00134 -0.0935484 -6.17211e-05 
1.00413 -0.0309392 -6.41525e-05 
1.00302 0.0317687 -6.6248e-05 
0.99799 0.0943308 -6.79989e-05 
0.989058 0.156502 -6.93979e-05 
0.97625 0.218037 -7.04388e-05 
0.959606 0.278693 -7.11171e-05 
0.939186 0.33823 -7.14295e-05 
0.915061 0.396409 -7.13743e-05 
0.887319 0.452999 -7.09513e-05 
0.856065 0.507771 -7.01616e-05 
0.821415 0.560506 -6.9008e-05 
0.783501 0.61099 -6.74948e-05 
0.742469 0.659019 -6.56277e-05 
0.698477 0.704396 -6.3414e-05 
0.651698 0.746937 -6.08622e-05 
0.602315 0.786468 -5.79825e-05 
0.550522 0.822827 -5.47865e-05 
0.496524 0.855866 -5.12869e-05 
0.440536 0.885447 -4.7498e-05 
0.382781 0.911451 -4.3435e-05 
0.32349 0.933769 -3.91146e-05 
0.2629 0.952311 -3.45545e-05 
0.201254 0.967 -2.97734e-05 
0.138801 0.977776 -2.47908e-05 
0.07579 0.984596 -1.96273e-05 
0.012476 0.987432 -1.43043e-05 
-0.0508871 0.986273 -8.8436e-06 
-0.114045 0.981126 -3.26778e-06 
-0.176743 0.972013 2.40015e-06 
-0.23873 0.958973 8.13681e-06 
-0.299759 0.942062 1.39186e-05 
-0.359586 0.92135 1.97216e-05 
-0.417973 0.896924 2.55221e-05 
-0.474687 0.868886 3.12961e-05 
-0.529504 0.837353 3.70201e-05 
-0.58221 0.802454 4.26707e-05 
-0.632596 0.764335 4.82247e-05 
-0.680467 0.723151 5.36596e-05 
-0.725637 0.679071 5.89534e-05 
-0.767932 0.632275 6.40845e-05 
-0.80719 0.582953 6.90323e-05 
-0.843263 0.531303 7.3777e-05 
-0.876014 0.477534 7.82994e-05 
-0.905322 0.421862 8.25816e-05 
-0.93108 0.364508 8.66064e-05 
-0.953194 0.305701 9.03579e-05 
-0.971586 0.245672 9.38213e-05 
-0.986193 0.184659 9.69829e-05 
-0.996967 0.1229 9.98302e-05 
-1.00387 0.0606357 0.000102352 
-1.0069 -0.00189111 0.000104539 
-1.00603 -0.0644393 0.000106381 
-1.00129 -0.126768 0.000107873 
-0.9927 -0.188639 0.000109008 
-0.980302 -0.249815 0.000109781 
-0.964152 -0.310065 0.00011019 
-0.944318 -0.36916 0.000110232 
-0.920885 -0.426878 0.000109908 
-0.893947 -0.483002 0.000109218 
-0.863613 -0.537323 0.000108165 
-0.830005 -0.589637 0.000106752 
-0.793255 -0.639751 0.000104984 
-0.753506 -0.687479 0.000102868 
-0.710913 -0.732645 0.000100411 
-0.665639 -0.775082 9.76209e-05 
-0.61786 -0.814634 9.45084e-05 
-0.567756 -0.851157 9.10844e-05 
-0.515519 -0.884517 8.73608e-05 
-0.461345 -0.914591 8.33509e-05 
-0.40544 -0.94127 7.90686e-05 
-0.348014 -0.964457 7.45292e-05 
-0.289281 -0.984065 6.97484e-05 
-0.229463 -1.00003 6.47432e-05 
-0.168783 -1.01228 5.95311e-05 
-0.107467 -1.02078 5.41305e-05 
-0.045746 -1.02549 4.85601e-05 
0.0161507 -1.0264 4.28398e-05 
0.0779913 -1.02351 3.69894e-05 
0.139545 -1.01681 3.10295e-05 
0.20058 -1.00635 2.49812e-05 
0.260869 -0.992141 1.88656e-05 
0.320185 -0.974248 1.27043e-05 
0.378304 -0.952732 6.51899e-06 
0.435007 -0.92767 3.31536e-07 
0.490078 -0.899151 -5.83621e-06 
0.54331 -0.86728 -1.19624e-05 
0.594498 -0.832171 -1.80254e-05 
0.643446 -0.793952 -2.40036e-05 
0.689965 -0.752763 -2.98757e-05 
0.733876 -0.708755 -3.56207e-05 
0.775006 -0.662091 -4.12183e-05 
0.813195 -0.612943 -4.66483e-05 
0.84829 -0.561494 -5.18912e-05 
0.880153 -0.507935 -5.69282e-05 
0.908654 -0.452467 -6.17411e-05 
0.933677 -0.395299 -6.63126e-05 
0.955119 -0.336648 -7.06261e-05 
0.972888 -0.276735 -7.46661e-05 
0.986909 -0.21579 -7.84178e-05 
0.997119 -0.154046 -8.18679e-05 
1.00347 -0.0917404 -8.50036e-05 
1.00593 -0.0291149 -8.78137e-05 
1.00447 0.0335875 -9.02882e-05 
0.999106 0.096122 -9.24181e-05 
0.989837 0.158243 -9.4196e-05 
0.976694 0.219707 -9.56156e-05 
0.959722 0.28027 -9.66721e-05 
0.938977 0.339692 -9.73623e-05 
0.914536 0.397736 -9.76841e-05 
0.886487 0.454169 -9.76371e-05 
0.854935 0.508765 -9.72224e-05 
0.819999 0.561303 -9.64425e-05 
0.781812 0.611572 -9.53014e-05 
0.74052 0.659367 -9.38047e-05 
0.696285 0.704494 -9.19593e-05 
0.649277 0.746769 -8.97738e-05 
0.599683 0.786019 -8.7258e-05 
0.547697 0.822083 -8.44231e-05 
0.493525 0.854813 -8.1282e-05 
0.437384 0.884075 -7.78485e-05 
0.379496 0.909749 -7.41378e-05 
0.320093 0.931728 -7.01663e-05 
0.259413 0.949924 -6.59517e-05 
0.1977 0.964261 -6.15124e-05 
0.135202 0.97468 -5.68679e-05 
0.0721697 0.98114 -5.20388e-05 
0.00885693 0.983615 -4.70462e-05 
-0.0544817 0.982096 -4.1912e-05 
-0.117592 0.976589 -3.66587e-05 
-0.180219 0.96712 -3.13093e-05 
-0.242114 0.953728 -2.58872e-05 
-0.303028 0.93647 -2.0416e-05 
-0.362718 0.91542 -1.49197e-05 
-0.420946 0.890664 -9.42212e-06 
-0.477481 0.862307 -3.9472e-06 
-0.532101 0.830465 1.48129e-06 
-0.584589 0.795272 6.83982e-06 
-0.63474 0.756871 1.21052e-05 
-0.682358 0.71542 1.72546e-05 
-0.72726 0.671089 2.22659e-05 
-0.769271 0.624059 2.71174e-05 
-0.808232 0.57452 3.17883e-05 
-0.843994 0.522673 3.62583e-05 
-0.876424 0.468725 4.05082e-05 
-0.905401 0.412894 4.45198e-05 
-0.930818 0.355402 4.82757e-05 
-0.952584 0.296476 5.17598e-05 
-0.970622 0.236351 5.49567e-05 
-0.98487 0.175263 5.78528e-05 
-0.995281 0.11345 6.04351e-05 
-1.00182 0.0511543 6.26923e-05 
-1.00448 -0.0113828 6.46142e-05 
-1.00325 -0.0739194 6.6192e-05 
-0.998147 -0.136215 6.74181e-05 
-0.989197 -0.198031 6.82865e-05 
-0.976443 -0.259132 6.87923e-05 
-0.959943 -0.319286 6.89321e-05 
-0.939766 -0.378265 6.87039e-05 
-0.915998 -0.435847 6.81072e-05 
-0.888734 -0.491816 6.71425e-05 
-0.858085 -0.545963 6.5812e-05 
-0.824172 -0.598086 6.41191e-05 
-0.78713 -0.647991 6.20685e-05 
-0.747103 -0.695494 5.96661e-05 
-0.704245 -0.74042 5.69193e-05 
-0.658723 -0.782602 5.38366e-05 
-0.610711 -0.821886 5.04276e-05 
-0.560391 -0.858128 4.67031e-05 
-0.507954 -0.891194 4.2675e-05 
-0.4536 -0.920965 3.83565e-05 
-0.397533 -0.947331 3.37614e-05 
-0.339963 -0.970197 2.89047e-05 
-0.281107 -0.989477 2.38024e-05 
-0.221186 -1.0051 1.84712e-05 
-0.160422 -1.01702 1.29286e-05 
-0.0990447 -1.02517 7.19287e-06 
-0.0372818 -1.02954 1.28301e-06 
0.0246355 -1.03011 -4.78142e-06 
0.0864758 -1.02686 -1.09803e-05 
0.148008 -1.01983 -1.7293e-05 
0.209001 -1.00902 -2.36985e-05 
0.269228 -0.994473 -3.01755e-05 
0.32846 -0.976248 -3.67023e-05 
0.386476 -0.954405 -4.3257e-05 
0.443056 -0.929023 -4.98177e-05 
0.497985 -0.900193 -5.63624e-05 
0.551056 -0.868021 -6.28689e-05 
0.602065 -0.832622 -6.93155e-05 
0.650816 -0.794125 -7.56804e-05 
0.697122 -0.752671 -8.1942e-05 
0.740803 -0.708413 -8.80793e-05 
0.781689 -0.661514 -9.40714e-05 
0.819619 -0.612146 -9.9898e-05 
0.854443 -0.560494 -0.00010554 
0.886022 -0.50675 -0.000110977 
0.914228 -0.451116 -0.000116191 
0.938946 -0.393801 -0.000121166 
0.960073 -0.335022 -0.000125883 
0.977522 -0.275003 -0.000130328 
0.991215 -0.213971 -0.000134485 
1.00109 -0.152162 -0.00013834 
1.00711 -0.0898131 -0.000141882 
1.00922 -0.0271658 -0.000145097 
1.00743 0.0355365 -0.000147977 
1.00173 0.098049 -0.000150512 
0.992119 0.160126 -0.000152695 
0.978642 0.221524 -0.000154518 
0.961339 0.282 -0.000155978 
0.940272 0.341313 -0.000157071 
0.915514 0.399226 -0.000157795 
0.887158 0.455509 -0.000158149 
0.855308 0.509934 -0.000158134 
0.820086 0.562283 -0.000157753 
0.781625 0.612344 -0.00015701 
0.740074 0.659913 -0.00015591 
0.695593 0.704797 -0.00015446 
0.648357 0.746812 -0.000152669 
0.598551 0.785788 -0.000150545 
0.546372 0.821564 -0.000148102 
0.492026 0.853994 -0.00014535 
0.43573 0.882944 -0.000142303 
0.377708 0.908295 -0.000138978 
0.318192 0.929945 -0.00013539 
0.257421 0.947802 -0.000131556 
0.19564 0.961795 -0.000127495 
0.133095 0.971867 -0.000123226 
0.0700396 0.977975 -0.00011877 
0.00672661 0.980098 -0.000114148 
-0.0565892 0.978226 -0.00010938 
-0.119653 0.972368 -0.00010449 
-0.182212 0.962551 -9.95004e-05 
-0.244016 0.948816 -9.44344e-05 
-0.304816 0.931221 -8.93155e-05 
-0.364371 0.90984 -8.41675e-05 
-0.422443 0.884764 -7.90141e-05 
-0.478801 0.856096 -7.38792e-05 
-0.533224 0.823955 -6.87863e-05 
-0.585496 0.788475 -6.3759e-05 
-0.635413 0.749801 -5.88203e-05 
-0.68278 0.708093 -5.39931e-05 
-0.727415 0.663521 -4.92994e-05 
-0.769144 0.616266 -4.47608e-05 
-0.807809 0.566521 -4.03982e-05 
-0.843263 0.514485 -3.62319e-05 
-0.875373 0.460369 -3.22809e-05 
-0.90402 0.404389 -2.85638e-05 
-0.929099 0.346769 -2.50977e-05 
-0.95052 0.287737 -2.18991e-05 
-0.968206 0.227526 -1.89831e-05 
-0.982097 0.166373 -1.63638e-05 
-0.992148 0.104518 -1.4054e-05 
-0.998329 0.0422013 -1.20652e-05 
-1.00062 -0.0203346 -1.04078e-05 
-0.999032 -0.0828483 -9.09068e-06 
-0.993568 -0.1451 -8.1216e-06 
-0.984262 -0.20685 -7.50683e-06 
-0.971157 -0.267864 -7.25132e-06 
-0.954311 -0.32791 -7.35866e-06 
-0.933796 -0.386762 -7.83105e-06 
-0.909697 -0.444196 -8.66934e-06 
-0.882112 -0.499999 -9.87302e-06 
-0.851153 -0.553961 -1.14402e-05 
-0.816941 -0.605881 -1.33678e-05 
-0.779613 -0.655567 -1.56511e-05 
-0.739313 -0.702834 -1.82846e-05 
-0.696198 -0.747509 -2.1261e-05 
-0.650433 -0.789426 -2.45722e-05 
-0.602194 -0.828431 -2.82086e-05 
-0.551664 -0.864382 -3.21598e-05 
-0.499035 -0.897146 -3.64139e-05 
-0.444507 -0.926604 -4.09581e-05 
-0.388284 -0.952648 -4.57787e-05 
-0.330578 -0.975183 -5.08609e-05 
-0.271605 -0.994127 -5.6189e-05 
-0.211587 -1.00941 -6.17464e-05 
-0.150747 -1.02097 -6.75158e-05 
-0.0893139 -1.02878 -7.34791e-05 
-0.0275159 -1.0328 -7.96174e-05 
0.0344156 -1.03301 -8.59113e-05 
0.0962493 -1.02941 -9.23408e-05 
0.157754 -1.02202 -9.88855e-05 
0.218699 -1.01086 -0.000105524 
0.278857 -0.995972 -0.000112236 
0.338 -0.977406 -0.000118999 
0.395907 -0.955229 -0.000125792 
0.452358 -0.92952 -0.000132593 
0.507139 -0.900373 -0.000139379 
0.560043 -0.867893 -0.000146129 
0.610867 -0.832197 -0.000152821 
0.659416 -0.793415 -0.000159433 
0.705504 -0.75169 -0.000165943 
0.74895 -0.707175 -0.000172331 
0.789586 -0.660033 -0.000178576 
0.827251 -0.610439 -0.000184656 
0.861798 -0.558578 -0.000190553 
0.893087 -0.504643 -0.000196248 
0.920992 -0.448837 -0.000201721 
0.9454 -0.391369 -0.000206955 
0.966208 -0.332456 -0.000211933 
0.98333 -0.272324 -0.000216639 
0.99669 -0.2112 -0.000221059 
1.00623 -0.149321 -0.000225178 
1.0119 -0.0869232 -0.000228983 
1.01368 -0.0242491 -0.000232464 
1.01154 0.0384579 -0.000235608 
1.00549 0.100953 -0.000238408 
0.995539 0.162991 -0.000240855 
0.981723 0.224327 -0.000242943 
0.964087 0.284719 -0.000244667 
0.942691 0.343927 -0.000246023 
0.917613 0.401714 -0.00024701 
0.888945 0.45785 -0.000247625 
0.856794 0.512109 -0.000247872 
0.821281 0.564272 -0.00024775 
0.782543 0.614127 -0.000247266 
0.740728 0.661474 -0.000246423 
0.695999 0.706118 -0.000245228 
0.648531 0.747878 -0.000243691 
0.59851 0.786584 -0.000241821 
0.546133 0.822076 -0.000239628 
0.491609 0.854209 -0.000237126 
0.435155 0.882852 -0.000234328 
0.376995 0.907886 -0.000231249 
0.317362 0.929209 -0.000227906 
0.256496 0.946733 -0.000224316 
0.194642 0.960387 -0.000220496 
0.132047 0.970115 -0.000216468 
0.0689633 0.975877 -0.00021225 
0.00564527 0.977652 -0.000207864 
-0.0576527 0.975432 -0.000203331 
-0.120676 0.969229 -0.000198674 
-0.183172 0.959069 -0.000193916 
-0.24489 0.944996 -0.00018908 
-0.305582 0.927069 -0.000184189 
-0.365007 0.905364 -0.000179266 
-0.422929 0.879972 -0.000174337 
-0.479116 0.850998 -0.000169424 
-0.533348 0.818564 -0.000164551 
-0.585411 0.782802 -0.000159741 
-0.6351 0.743862 -0.000155017 
-0.682223 0.701901 -0.000150403 
-0.726597 0.657093 -0.000145919 
-0.768051 0.609619 -0.000141589 
-0.806427 0.559672 -0.000137432 
-0.84158 0.507454 -0.000133468 
-0.873377 0.453175 -0.000129717 
-0.901701 0.397052 -0.000126197 
-0.926448 0.339309 -0.000122925 
-0.947529 0.280175 -0.000119918 
-0.96487 0.219884 -0.00011719 
-0.978412 0.158673 -0.000114756 
-0.98811 0.0967811 -0.000112628 
-0.993936 0.03445 -0.000110818 
-0.995875 -0.0280787 -0.000109336 
-0.993929 -0.0905635 -0.000108191 
-0.988113 -0.152764 -0.000107391 
-0.978458 -0.214442 -0.000106942 
-0.965009 -0.275363 -0.000106849 
-0.947825 -0.335296 -0.000107115 
-0.92698 -0.394013 -0.000107743 
-0.902559 -0.451294 -0.000108733 
-0.874662 -0.506923 -0.000110086 
-0.843401 -0.560694 -0.000111798 
-0.8089 -0.612405 -0.000113868 
-0.771294 -0.661865 -0.00011629 
-0.730731 -0.708891 -0.000119058 
-0.687367 -0.753308 -0.000122167 
-0.641369 -0.794954 -0.000125607 
-0.592913 -0.833674 -0.000129369 
-0.542183 -0.869328 -0.000133442 
-0.489373 -0.901784 -0.000137815 
-0.43468 -0.930924 -0.000142475 
-0.378312 -0.956641 -0.000147409 
-0.320481 -0.978841 -0.000152601 
-0.261402 -0.997442 -0.000158036 
-0.201298 -1.01238 -0.000163698 
-0.140393 -1.02359 -0.000169568 
-0.0789144 -1.03104 -0.00017563 
-0.0170922 -1.0347 -0.000181864 
0.0448428 -1.03455 -0.000188251 
0.106659 -1.0306 -0.000194772 
0.168126 -1.02285 -0.000201405 
0.229012 -1.01134 -0.000208129 
0.28909 -0.996105 -0.000214925 
0.348134 -0.977195 -0.000221769 
0.405921 -0.954681 -0.000228641 
0.462233 -0.928644 -0.000235519 
0.516857 -0.899177 -0.00024238 
0.569584 -0.866386 -0.000249203 
0.620214 -0.830391 -0.000255966 
0.668551 -0.791323 -0.000262647 
0.714409 -0.749325 -0.000269225 
0.757611 -0.70455 -0.000275679 
0.797988 -0.657164 -0.000281987 
0.835381 -0.607343 -0.00028813 
0.869641 -0.555271 -0.000294088 
0.900631 -0.501144 -0.000299842 
0.928227 -0.445163 -0.000305373 
0.952316 -0.38754 -0.000310664 
0.972796 -0.328493 -0.000315697 
0.989582 -0.268246 -0.000320457 
1.0026 -0.20703 -0.00032493 
1.01179 -0.145078 -0.0003291 
1.01712 -0.0826304 -0.000332955 
1.01854 -0.0199282 -0.000336484 
1.01605 0.0427847 -0.000339677 
1.00965 0.105263 -0.000342523 
0.999347 0.167262 -0.000345016 
0.985184 0.228538 -0.000347148 
0.967205 0.288847 -0.000348915 
0.945474 0.347951 -0.000350313 
0.920068 0.405613 -0.000351341 
0.891081 0.461603 -0.000351996 
0.858621 0.515695 -0.000352281 
0.822811 0.567672 -0.000352197 
0.783789 0.617323 -0.000351749 
0.741704 0.664447 -0.000350941 
0.696721 0.708852 -0.000349781 
0.649014 0.750357 -0.000348277 
0.598772 0.788792 -0.000346438 
0.546192 0.824 -0.000344276 
0.491485 0.855837 -0.000341804 
0.434866 0.884171 -0.000339034 
0.376564 0.908888 -0.000335982 
0.316809 0.929885 -0.000332665 
0.255844 0.947075 -0.000329099 
0.193911 0.96039 -0.000325303 
0.131261 0.969775 -0.000321296 
0.0681447 0.975191 -0.0003171 
0.00481687 0.976619 -0.000312734 
-0.058468 0.974052 -0.00030822 
-0.121456 0.967504 -0.000303581 
-0.183893 0.957002 -0.000298839 
-0.24553 0.942591 -0.000294019 
-0.30612 0.924333 -0.000289142 
-0.365421 0.902305 -0.000284234 
-0.423197 0.876598 -0.000279317 
-0.479219 0.84732 -0.000274416 
-0.533266 0.814592 -0.000269554 
-0.585126 0.77855 -0.000264754 
-0.634594 0.739343 -0.00026004 
-0.681479 0.697132 -0.000255435 
-0.725599 0.652088 -0.00025096 
-0.766784 0.604396 -0.000246637 
-0.804877 0.554248 -0.000242486 
-0.839735 0.501849 -0.000238529 
-0.871226 0.447407 -0.000234784 
-0.899234 0.391142 -0.000231269 
-0.923657 0.333277 -0.000228002 
-0.944407 0.274042 -0.000224999 
-0.96141 0.213671 -0.000222275 
-0.97461 0.152402 -0.000219845 
-0.983963 0.0904741 -0.00021772 
-0.989442 0.0281286 -0.000215912 
-0.991033 -0.0343924 -0.000214432 
-0.98874 -0.0968478 -0.000213288 
-0.98258 -0.158997 -0.000212489 
-0.972584 -0.220603 -0.00021204 
-0.958799 -0.28143 -0.000211946 
-0.941286 -0.341248 -0.000212211 
-0.920118 -0.399831 -0.000212837 
-0.895383 -0.456957 -0.000213825 
-0.867182 -0.512414 -0.000215174 
-0.835628 -0.565993 -0.000216882 
-0.800846 -0.617495 -0.000218946 
-0.762972 -0.666728 -0.000221362 
-0.722154 -0.713511 -0.000224123 
-0.678551 -0.757671 -0.000227222 
-0.632329 -0.799045 -0.000230652 
-0.583665 -0.83748 -0.000234403 
-0.532745 -0.872837 -0.000238463 
-0.479762 -0.904985 -0.000242822 
-0.424915 -0.933807 -0.000247466 
-0.368412 -0.959196 -0.000252382 
-0.310465 -0.981061 -0.000257555 
-0.25129 -0.999321 -0.000262969 
-0.19111 -1.01391 -0.000268607 
-0.13015 -1.02477 -0.000274452 
-0.0686368 -1.03187 -0.000280487 
-0.00680075 -1.03517 -0.000286691 
0.0551272 -1.03467 -0.000293046 
0.116916 -1.03036 -0.000299532 
0.178334 -1.02226 -0.000306127 
0.239151 -1.0104 -0.000312812 
0.299139 -0.994812 -0.000319565 
0.358073 -0.975562 -0.000326364 
0.41573 -0.952714 -0.000333188 
0.471893 -0.92635 -0.000340014 
0.526348 -0.896566 -0.000346821 
0.578889 -0.863468 -0.000353587 
0.629314 -0.827178 -0.000360289 
0.67743 -0.787826 -0.000366906 
0.72305 -0.745558 -0.000373417 
0.765998 -0.700528 -0.0003798 
0.806106 -0.652902 -0.000386034 
0.843217 -0.602857 -0.000392099 
0.877181 -0.550579 -0.000397976 
0.907865 -0.496262 -0.000403645 
0.935143 -0.440111 -0.000409088 
0.958904 -0.382338 -0.000414286 
0.979048 -0.32316 -0.000419224 
0.995491 -0.262803 -0.000423885 
1.00816 -0.201497 -0.000428255 
1.017 -0.139477 -0.000432319 
1.02196 -0.0769836 -0.000436064 
1.02303 -0.0142572 -0.000439479 
1.02018 0.0484576 -0.000442554 
1.01341 0.110916 -0.00044528 
1.00276 0.172873 -0.000447649 
0.988241 0.234084 -0.000449653 
0.969913 0.294307 -0.00045129 
0.947839 0.353302 -0.000452554 
0.922098 0.410835 -0.000453444 
0.892785 0.466675 -0.000453959 
0.86001 0.520597 -0.000454101 
0.823897 0.572385 -0.000453871 
0.784584 0.621827 -0.000453273 
0.742223 0.668725 -0.000452314 
0.696978 0.712887 -0.000451 
0.649027 0.754132 -0.000449339 
0.598558 0.792294 -0.000447341 
0.54577 0.827214 -0.000445018 
0.490874 0.858751 -0.000442382 
0.434086 0.886774 -0.000439447 
0.375635 0.911169 -0.000436228 
0.315754 0.931836 -0.000432742 
0.254684 0.94869 -0.000429006 
0.192669 0.961662 -0.000425039 
0.129959 0.9707 -0.000420859 
0.0668059 0.975768 -0.000416488 
0.00346417 0.976844 -0.000411947 
-0.0598116 0.973928 -0.000407257 
-0.122767 0.967031 -0.000402441 
-0.18515 0.956184 -0.000397521 
-0.24671 0.941433 -0.000392522 
-0.3072 0.922841 -0.000387466 
-0.366381 0.900487 -0.000382378 
-0.424015 0.874463 -0.000377281 
-0.479876 0.844878 -0.000372199 
-0.533742 0.811855 -0.000367156 
-0.585401 0.775531 -0.000362175 
-0.634652 0.736055 -0.000357279 
-0.681302 0.69359 -0.000352492 
-0.725172 0.648309 -0.000347835 
-0.766092 0.600397 -0.00034333 
-0.803907 0.550047 -0.000338998 
-0.838475 0.497463 -0.000334859 
-0.869664 0.442857 -0.000330932 
-0.897361 0.386447 -0.000327236 
-0.921464 0.328458 -0.000323788 
-0.941887 0.26912 -0.000320604 
-0.958558 0.208668 -0.0003177 
-0.97142 0.147338 -0.000315089 
-0.980433 0.0853713 -0.000312785 
-0.98557 0.023009 -0.000310799 
-0.986819 -0.0395072 -0.000309141 
-0.984185 -0.101936 -0.00030782 
-0.977686 -0.164037 -0.000306845 
-0.967355 -0.225573 -0.00030622 
-0.95324 -0.28631 -0.000305952 
-0.935403 -0.346016 -0.000306044 
-0.913918 -0.404467 -0.000306498 
-0.888876 -0.461443 -0.000307314 
-0.860377 -0.516729 -0.000308493 
-0.828535 -0.570119 -0.000310033 
-0.793478 -0.621415 -0.000311929 
-0.755342 -0.670425 -0.000314179 
-0.714276 -0.716969 -0.000316775 
-0.670439 -0.760875 -0.000319711 
-0.624 -0.801981 -0.000322979 
-0.575135 -0.840135 -0.000326568 
-0.524031 -0.875198 -0.000330469 
-0.470882 -0.907041 -0.000334669 
-0.415888 -0.935548 -0.000339155 
-0.359257 -0.960615 -0.000343914 
-0.3012 -0.982148 -0.000348931 
-0.241937 -1.00007 -0.00035419 
-0.181689 -1.01432 -0.000359674 
-0.12068 -1.02483 -0.000365366 
-0.0591397 -1.03158 -0.000371248 
0.00270279 -1.03453 -0.0003773 
0.0646163 -1.03367 -0.000383502 
0.126369 -1.02901 -0.000389836 
0.187731 -1.02057 -0.00039628 
0.248471 -1.00836 -0.000402813 
0.308362 -0.992432 -0.000409413 
0.367179 -0.972846 -0.00041606 
0.424699 -0.94967 -0.00042273 
0.480705 -0.922986 -0.000429403 
0.534985 -0.89289 -0.000436055 
0.587331 -0.859492 -0.000442664 
0.637544 -0.822912 -0.000449209 
0.685431 -0.783284 -0.000455668 
0.730807 -0.740753 -0.000462018 
0.773494 -0.695474 -0.000468239 
0.813327 -0.647615 -0.000474309 
0.850149 -0.597353 -0.000480208 
0.883812 -0.544876 -0.000485917 
0.914182 -0.490378 -0.000491415 
0.941136 -0.434064 -0.000496684 
0.964563 -0.376147 -0.000501706 
0.984366 -0.316846 -0.000506465 
1.00046 -0.256386 -0.000510944 
1.01277 -0.194998 -0.000515128 
1.02125 -0.132919 -0.000519003 
1.02586 -0.0703862 -0.000522556 
1.02655 -0.0076433 -0.000525775 
1.02334 0.0550661 -0.000528651 
1.01621 0.117497 -0.000531173 
1.00519 0.179404 -0.000533335 
0.99032 0.240543 -0.000535129 
0.97164 0.300673 -0.00053655 
0.949219 0.359553 -0.000537595 
0.92314 0.41695 -0.000538263 
0.893497 0.472633 -0.000538551 
0.860403 0.526378 -0.000538461 
0.823983 0.577969 -0.000537997 
0.784376 0.627197 -0.00053716 
0.741736 0.673862 -0.000535958 
0.696227 0.717774 -0.000534397 
0.648028 0.758755 -0.000532486 
0.597329 0.796636 -0.000530234 
0.544329 0.831262 -0.000527653 
0.48924 0.862493 -0.000524756 
0.432281 0.890199 -0.000521556 
0.373679 0.914267 -0.000518069 
0.313668 0.934598 -0.000514312 
0.25249 0.951109 -0.000510301 
0.19039 0.963733 -0.000506057 
0.127618 0.972419 -0.000501598 
0.0644258 0.977131 -0.000496944 
0.00106786 0.977852 -0.000492118 
-0.062201 0.97458 -0.000487141 
-0.125127 0.96733 -0.000482036 
-0.187457 0.956133 -0.000476826 
-0.248941 0.941037 -0.000471535 
-0.309335 0.922106 -0.000466185 
-0.368396 0.899421 -0.000460802 
-0.425891 0.873075 -0.000455409 
-0.481591 0.843178 -0.000450029 
-0.535277 0.809856 -0.000444688 
-0.586738 0.773246 -0.000439409 
-0.635773 0.733497 -0.000434214 
-0.68219 0.690775 -0.000429128 
-0.725811 0.645253 -0.000424171 
-0.766468 0.597116 -0.000419366 
-0.804007 0.546561 -0.000414734 
-0.838285 0.49379 -0.000410295 
-0.869175 0.439016 -0.000406068 
-0.896562 0.382458 -0.000402072 
-0.920347 0.324341 -0.000398325 
-0.940445 0.264897 -0.000394842 
-0.956785 0.204359 -0.000391639 
-0.969313 0.142966 -0.00038873 
-0.977987 0.0809568 -0.000386128 
-0.982785 0.0185742 -0.000383845 
-0.983694 -0.0439405 -0.000381891 
-0.980722 -0.106346 -0.000380274 
-0.973886 -0.168402 -0.000379004 
-0.963223 -0.229873 -0.000378086 
-0.94878 -0.290522 -0.000377524 
-0.930622 -0.350122 -0.000377324 
-0.908824 -0.408445 -0.000377487 
-0.883476 -0.465274 -0.000378014 
-0.854682 -0.520394 -0.000378905 
-0.822557 -0.5736 -0.000380158 
-0.787227 -0.624694 -0.000381769 
-0.748832 -0.673486 -0.000383735 
-0.707522 -0.719796 -0.000386049 
-0.663455 -0.763452 -0.000388705 
-0.616801 -0.804295 -0.000391694 
-0.567738 -0.842172 -0.000395008 
-0.516454 -0.876947 -0.000398634 
-0.463142 -0.908491 -0.000402562 
-0.408005 -0.936688 -0.000406779 
-0.351248 -0.961437 -0.000411271 
-0.293087 -0.982645 -0.000416022 
-0.233738 -1.00023 -0.000421018 
-0.173425 -1.01414 -0.000426242 
-0.112372 -1.02432 -0.000431676 
-0.0508081 -1.03072 -0.000437301 
0.0110371 -1.03332 -0.0004431 
0.0729324 -1.03212 -0.000449052 
0.134646 -1.02712 -0.000455137 
0.195948 -1.01833 -0.000461334 
0.256607 -1.00578 -0.000467623 
0.316397 -0.98952 -0.000473981 
0.375092 -0.969606 -0.000480388 
0.43247 -0.946108 -0.00048682 
0.488316 -0.91911 -0.000493256 
0.542416 -0.888711 -0.000499674 
0.594565 -0.855019 -0.00050605 
0.644562 -0.818158 -0.000512364 
0.692217 -0.77826 -0.000518593 
0.737343 -0.735473 -0.000524714 
0.779767 -0.689954 -0.000530708 
0.819321 -0.64187 -0.000536551 
0.85585 -0.5914 -0.000542225 
0.889208 -0.538731 -0.000547708 
0.919261 -0.48406 -0.000552981 
0.945888 -0.427592 -0.000558025 
0.968979 -0.36954 -0.000562822 
0.988438 -0.310125 -0.000567356 
1.00418 -0.249571 -0.000571609 
