0.921891 0.38653 -9.34198e-05 
0.895079 0.443571 -9.23035e-05 
0.864668 0.498775 -8.95973e-05 
0.830775 0.551921 -8.5322e-05 
0.79353 0.602793 -7.94956e-05 
0.753077 0.651184 -7.21331e-05 
0.709574 0.696896 -6.32464e-05 
0.663191 0.739743 -5.28446e-05 
0.614111 0.779548 -4.0934e-05 
0.562529 0.816147 -2.75179e-05 
0.50865 0.849391 -1.25971e-05 
0.452687 0.879143 3.83008e-06 
0.394863 0.90528 2.17681e-05 
0.335408 0.927696 4.12236e-05 
0.274559 0.946298 6.22057e-05 
0.212557 0.961011 8.47256e-05 
0.149648 0.971776 0.000108796 
0.0860788 0.978548 0.000134434 
0.0220995 0.981302 0.000161654 
-0.0420401 0.980026 0.000190477 
-0.106091 0.974727 0.000220922 
-0.169806 0.965424 0.000253012 
-0.23294 0.952156 0.00028677 
-0.295254 0.934974 0.000322219 
-0.356513 0.913945 0.000359387 
-0.416486 0.88915 0.000398299 
-0.474952 0.860683 0.000438984 
-0.531694 0.828652 0.000481469 
-0.586505 0.793177 0.000525784 
-0.639187 0.754389 0.000571959 
-0.689551 0.712431 0.000620023 
-0.737416 0.667455 0.000670009 
-0.782614 0.619623 0.000721947 
-0.824986 0.569107 0.000775868 
-0.864384 0.516085 0.000831804 
-0.900672 0.460745 0.000889787 
-0.933724 0.40328 0.000949849 
-0.963428 0.343889 0.00101202 
-0.989682 0.28278 0.00107633 
-1.0124 0.22016 0.00114282 
-1.0315 0.156246 0.00121151 
-1.04692 0.0912564 0.00128243 
-1.05861 0.0254117 0.00135561 
-1.06653 -0.0410635 0.00143108 
-1.07065 -0.107943 0.00150887 
-1.07097 -0.174999 0.001589 
-1.06747 -0.242004 0.00167149 
-1.06019 -0.30873 0.00175637 
-1.04914 -0.374947 0.00184365 
-1.03436 -0.440431 0.00193335 
-1.01592 -0.504955 0.00202549 
-0.993871 -0.568299 0.00212007 
-0.968309 -0.630243 0.00221709 
-0.939326 -0.690573 0.00231656 
-0.907033 -0.74908 0.00241847 
-0.871554 -0.805561 0.00252281 
-0.833029 -0.85982 0.00262956 
-0.791608 -0.911669 0.0027387 
-0.747455 -0.960928 0.00285019 
-0.700749 -1.00743 0.00296399 
-0.651679 -1.05101 0.00308005 
-0.600443 -1.09153 0.00319831 
-0.547255 -1.12886 0.00331871 
-0.492333 -1.16287 0.00344116 
-0.435908 -1.19345 0.00356558 
-0.378214 -1.22053 0.00369187 
-0.319496 -1.24402 0.00381991 
-0.259999 -1.26386 0.00394959 
-0.199975 -1.28002 0.00408078 
-0.139677 -1.29246 0.00421336 
-0.0793564 -1.30119 0.00434717 
-0.019267 -1.3062 0.00448206 
0.0403413 -1.30754 0.0046179 
0.099222 -1.30522 0.00475452 
0.157133 -1.29933 0.00489176 
0.213839 -1.28992 0.00502946 
0.26911 -1.27708 0.00516746 
0.322725 -1.26091 0.00530561 
0.374473 -1.24153 0.00544375 
0.424148 -1.21907 0.00558173 
0.47156 -1.19365 0.0057194 
0.516524 -1.16543 0.00585662 
0.558869 -1.13456 0.00599326 
0.598434 -1.10121 0.00612919 
0.635069 -1.06555 0.00626429 
0.668637 -1.02777 0.00639845 
0.699012 -0.988042 0.00653157 
0.726078 -0.94657 0.00666355 
0.749732 -0.90355 0.0067943 
0.769885 -0.859185 0.00692376 
0.786456 -0.813684 0.00705186 
0.799378 -0.767256 0.00717853 
0.808595 -0.720117 0.00730374 
0.814065 -0.672483 0.00742744 
0.815754 -0.624574 0.00754961 
0.813643 -0.57661 0.00767023 
0.807726 -0.528814 0.00778929 
0.798005 -0.481408 0.00790679 
0.7845 -0.434617 0.00802274 
0.767238 -0.388663 0.00813716 
0.746262 -0.343769 0.00825008 
0.721626 -0.300156 0.00836153 
0.693399 -0.258043 0.00847157 
0.66166 -0.217646 0.00858024 
0.626504 -0.17918 0.00868762 
0.588037 -0.142852 0.00879377 
0.546378 -0.108867 0.00889878 
0.501662 -0.0774232 0.00900274 
0.454034 -0.0487125 0.00910574 
0.403652 -0.0229188 0.0092079 
0.350688 -0.000217144 0.00930931 
0.295327 0.0192268 0.00941011 
0.237763 0.0352581 0.00951041 
0.178203 0.0477337 0.00961034 
0.116864 0.0565232 0.00971004 
0.0539736 0.0615099 0.00980965 
-0.0102324 0.062592 0.0099093 
-0.0755104 0.0596829 0.0100091 
-0.14161 0.0527126 0.0101093 
-0.208275 0.041628 0.01021 
-0.275246 0.0263935 0.0103112 
-0.342259 0.0069917 0.0104132 
-0.409052 -0.0165767 0.0105162 
-0.47536 -0.0442925 0.0106201 
-0.540922 -0.0761181 0.0107252 
-0.605479 -0.111998 0.0108316 
-0.668777 -0.151858 0.0109393 
-0.730568 -0.195607 0.0110486 
-0.790614 -0.243138 0.0111594 
-0.848683 -0.294327 0.0112719 
-0.904555 -0.349036 0.0113861 
-0.958019 -0.407113 0.0115022 
-1.00888 -0.468391 0.0116201 
-1.05695 -0.532696 0.0117398 
-1.10206 -0.599839 0.0118615 
-1.14405 -0.669624 0.0119852 
-1.18278 -0.741847 0.0121107 
-1.21812 -0.816297 0.0122381 
-1.24997 -0.892758 0.0123675 
-1.2782 -0.971008 0.0124986 
-1.30276 -1.05083 0.0126316 
-1.32356 -1.13198 0.0127662 
-1.34054 -1.21425 0.0129025 
-1.35367 -1.29741 0.0130403 
-1.36292 -1.38122 0.0131795 
-1.36827 -1.46547 0.01332 
-1.36972 -1.54992 0.0134616 
-1.36726 -1.63436 0.0136042 
-1.36094 -1.71857 0.0137477 
-1.35077 -1.80233 0.0138918 
-1.33679 -1.88542 0.0140363 
-1.31906 -1.96765 0.0141811 
-1.29764 -2.0488 0.0143258 
-1.2726 -2.12867 0.0144704 
-1.24402 -2.20707 0.0146144 
-1.21198 -2.28381 0.0147576 
-1.1766 -2.3587 0.0148997 
-1.13797 -2.43156 0.0150404 
-1.0962 -2.50222 0.0151793 
-1.05144 -2.5705 0.0153161 
-1.0038 -2.63624 0.0154504 
-0.953429 -2.69928 0.0155817 
-0.900482 -2.75948 0.0157095 
-0.845118 -2.81667 0.0158334 
-0.787506 -2.87074 0.0159529 
-0.727825 -2.92156 0.0160673 
-0.666264 -2.969 0.0161762 
-0.60302 -3.01296 0.0162787 
-0.538302 -3.05334 0.0163742 
-0.472325 -3.09007 0.016462 
-0.405315 -3.12308 0.0165413 
-0.337504 -3.15232 0.0166111 
-0.269134 -3.17777 0.0166706 
-0.200451 -3.1994 0.0167187 
-0.131706 -3.21725 0.0167545 
-0.0631516 -3.23134 0.0167767 
0.00495772 -3.24174 0.0167843 
0.0723713 -3.24854 0.016776 
0.138844 -3.25186 0.0167504 
0.204139 -3.25185 0.0167063 
0.268034 -3.24869 0.0166422 
0.330322 -3.24259 0.0165567 
0.390815 -3.23377 0.0164483 
0.44935 -3.22249 0.0163156 
0.505789 -3.20902 0.016157 
0.56002 -3.19364 0.015971 
0.611964 -3.17667 0.0157561 
0.661569 -3.15839 0.015511 
0.708811 -3.13912 0.015234 
0.753695 -3.11915 0.0149238 
0.796253 -3.09879 0.0145791 
0.836538 -3.07831 0.0141984 
0.874625 -3.05798 0.0137804 
0.910607 -3.03805 0.0133239 
0.94459 -3.01877 0.0128274 
0.976695 -3.00034 0.0122898 
1.00705 -2.98298 0.0117095 
1.03579 -2.96686 0.0110853 
1.06307 -2.95215 0.0104156 
1.08903 -2.93902 0.00969881 
1.11382 -2.92761 0.00893327 
1.1376 -2.91803 0.00811706 
1.16053 -2.91043 0.00724809 
1.18279 -2.90491 0.006324 
1.20454 -2.90158 0.00534211 
1.22597 -2.90056 0.00429938 
1.24727 -2.90193 0.00319227 
1.26865 -2.90581 0.0020167 
1.29033 -2.91229 0.000767864 
1.31257 -2.92149 -0.000559929 
1.33564 -2.93351 -0.00197347 
1.35989 -2.94846 -0.00348099 
1.38568 -2.96649 -0.00509254 
1.4135 -2.9877 -0.00682064 
1.44393 -3.01225 -0.00868111 
1.4777 -3.04028 -0.0106944 
1.51581 -3.07191 -0.0128875 
1.55962 -3.10727 -0.0152973 
1.61111 -3.14635 -0.017976 
1.67335 -3.18888 -0.021001 
1.75153 -3.2337 -0.0244933 
1.85545 -3.27654 -0.028648 
2.00497 -3.29795 -0.0336857 
2.19426 -3.20845 -0.0379691 
2.27071 -3.01016 -0.0373681 
2.26678 -2.83489 -0.0349464 
2.23611 -2.68763 -0.0322511 
2.19406 -2.56022 -0.0295667 
2.1462 -2.44745 -0.0269589 
2.09506 -2.34609 -0.024443 
2.04197 -2.25401 -0.0220203 
1.9877 -2.16974 -0.0196873 
1.93274 -2.09218 -0.0174392 
1.87743 -2.02051 -0.0152714 
1.82197 -1.95409 -0.0131793 
1.76655 -1.89241 -0.0111588 
1.71127 -1.83505 -0.00920634 
1.65624 -1.78165 -0.00731846 
1.60151 -1.73192 -0.00549218 
1.54715 -1.6856 -0.00372479 
1.49319 -1.64248 -0.0020138 
1.43968 -1.60236 -0.000356947 
1.38664 -1.56508 0.00124784 
1.33409 -1.53047 0.00280249 
1.28206 -1.4984 0.00430877 
1.23055 -1.46876 0.00576835 
1.17958 -1.44143 0.00718276 
1.12915 -1.41631 0.00855345 
1.07928 -1.39331 0.00988177 
1.02997 -1.37234 0.011169 
0.981231 -1.35333 0.0124164 
0.933056 -1.33621 0.013625 
0.885454 -1.3209 0.014796 
0.838425 -1.30735 0.0159303 
0.791972 -1.29549 0.017029 
0.746095 -1.28528 0.018093 
0.700796 -1.27666 0.019123 
0.656074 -1.26959 0.0201201 
0.611929 -1.26401 0.021085 
0.568362 -1.2599 0.0220184 
0.525371 -1.2572 0.0229211 
0.482957 -1.25589 0.0237937 
0.44112 -1.25592 0.024637 
0.399858 -1.25727 0.0254515 
0.359171 -1.2599 0.0262379 
0.319059 -1.26378 0.0269967 
0.279521 -1.26888 0.0277285 
0.240557 -1.27517 0.0284338 
0.202167 -1.28264 0.0291132 
0.16435 -1.29125 0.0297671 
0.127106 -1.30098 0.0303959 
0.0904356 -1.31181 0.0310001 
0.054338 -1.32372 0.0315802 
0.0188137 -1.33669 0.0321365 
-0.016137 -1.3507 0.0326695 
-0.0505136 -1.36572 0.0331794 
-0.0843156 -1.38174 0.0336667 
-0.117542 -1.39876 0.0341316 
-0.150193 -1.41673 0.0345746 
-0.182266 -1.43566 0.0349959 
-0.213762 -1.45553 0.0353958 
-0.244677 -1.47633 0.0357745 
-0.275012 -1.49803 0.0361324 
-0.304764 -1.52063 0.0364698 
-0.333931 -1.54411 0.0367868 
-0.362512 -1.56847 0.0370836 
-0.390504 -1.59368 0.0373606 
-0.417906 -1.61975 0.037618 
-0.444714 -1.64665 0.0378558 
-0.470925 -1.67439 0.0380744 
-0.496538 -1.70294 0.0382738 
-0.521548 -1.7323 0.0384543 
-0.545953 -1.76247 0.0386161 
-0.569749 -1.79342 0.0387592 
-0.592932 -1.82517 0.0388839 
-0.615497 -1.85768 0.0389903 
-0.637442 -1.89097 0.0390784 
-0.658761 -1.92502 0.0391485 
-0.67945 -1.95982 0.0392006 
-0.699503 -1.99537 0.0392349 
-0.718916 -2.03166 0.0392514 
-0.737683 -2.06869 0.0392503 
-0.755797 -2.10645 0.0392315 
-0.773254 -2.14494 0.0391953 
-0.790046 -2.18415 0.0391416 
-0.806166 -2.22407 0.0390706 
-0.821608 -2.2647 0.0389822 
-0.836364 -2.30604 0.0388766 
-0.850425 -2.34808 0.0387538 
-0.863785 -2.39082 0.0386138 
-0.876433 -2.43425 0.0384566 
-0.888361 -2.47838 0.0382823 
-0.89956 -2.52319 0.0380909 
-0.910018 -2.56869 0.0378824 
-0.919726 -2.61487 0.0376568 
-0.928672 -2.66174 0.0374141 
-0.936845 -2.70927 0.0371542 
-0.944232 -2.75749 0.0368773 
-0.95082 -2.80638 0.0365832 
-0.956595 -2.85594 0.0362719 
-0.961544 -2.90617 0.0359433 
-0.96565 -2.95706 0.0355975 
-0.968897 -3.00863 0.0352344 
-0.971269 -3.06086 0.0348539 
-0.972748 -3.11376 0.0344559 
-0.973315 -3.16732 0.0340404 
-0.972949 -3.22154 0.0336072 
-0.971629 -3.27643 0.0331564 
-0.969334 -3.33198 0.0326877 
-0.966038 -3.38819 0.0322011 
-0.961716 -3.44506 0.0316964 
-0.956341 -3.50259 0.0311736 
-0.949885 -3.56079 0.0306324 
-0.942317 -3.61964 0.0300727 
-0.933604 -3.67915 0.0294944 
-0.923709 -3.73933 0.0288973 
-0.912597 -3.80016 0.0282812 
-0.900227 -3.86164 0.027646 
-0.886554 -3.92379 0.0269913 
-0.871532 -3.98658 0.026317 
-0.855111 -4.05003 0.0256229 
-0.837236 -4.11413 0.0249087 
-0.817847 -4.17887 0.0241741 
-0.79688 -4.24425 0.023419 
-0.774265 -4.31026 0.0226431 
-0.749925 -4.37689 0.0218459 
-0.723776 -4.44414 0.0210274 
-0.695726 -4.51199 0.0201872 
-0.665672 -4.58042 0.0193249 
-0.633504 -4.64941 0.0184404 
-0.599094 -4.71894 0.0175333 
-0.562305 -4.78897 0.0166034 
-0.522979 -4.85946 0.0156506 
-0.480943 -4.93037 0.0146746 
-0.435998 -5.00161 0.0136755 
-0.38792 -5.07311 0.0126532 
-0.336453 -5.14477 0.0116082 
-0.281304 -5.21643 0.0105409 
-0.222137 -5.28792 0.00945237 
-0.158562 -5.359 0.00834411 
-0.0901289 -5.42935 0.00721857 
-0.0163144 -5.49853 0.00607948 
0.0634845 -5.56597 0.0049325 
0.149956 -5.63085 0.00378626 
0.243863 -5.69203 0.00265397 
0.345995 -5.74789 0.00155598 
0.457033 -5.7961 0.000523761 
0.577234 -5.83336 -0.000394373 
0.705763 -5.85523 -0.00112683 
0.839545 -5.85637 -0.00157727 
0.972074 -5.83221 -0.00164285 
1.09392 -5.78207 -0.00126442 
1.19648 -5.71123 -0.000477303 
1.2761 -5.62861 0.000602356 
1.33419 -5.54237 0.00184382 
1.37452 -5.45775 0.00314771 
1.40108 -5.37744 0.00445252 
1.41719 -5.30253 0.00572422 
1.4254 -5.23327 0.00694546 
1.4276 -5.16953 0.00810829 
1.42519 -5.11101 0.0092099 
1.41922 -5.05735 0.0102502 
1.4105 -5.00818 0.0112305 
1.39962 -4.96316 0.0121528 
1.38705 -4.92198 0.0130195 
1.37318 -4.88435 0.0138329 
1.35828 -4.85001 0.0145954 
1.34261 -4.81874 0.0153093 
1.32636 -4.79034 0.0159767 
1.30967 -4.76462 0.0165996 
1.29269 -4.74142 0.0171799 
1.27553 -4.72059 0.0177192 
1.25826 -4.70201 0.0182192 
1.24098 -4.68555 0.0186813 
1.22375 -4.67111 0.0191069 
1.20662 -4.65858 0.0194973 
1.18965 -4.64789 0.0198537 
1.17287 -4.63894 0.0201771 
1.15633 -4.63167 0.0204686 
1.14005 -4.62601 0.0207292 
1.12406 -4.62189 0.0209596 
1.10839 -4.61926 0.0211608 
1.09306 -4.61806 0.0213335 
1.07809 -4.61825 0.0214785 
1.0635 -4.61978 0.0215963 
1.0493 -4.6226 0.0216878 
1.03551 -4.62669 0.0217534 
1.02213 -4.63199 0.0217938 
1.00919 -4.63848 0.0218094 
0.996697 -4.64613 0.0218008 
0.984654 -4.65491 0.0217684 
0.973074 -4.66479 0.0217127 
0.961966 -4.67573 0.0216341 
0.951339 -4.68773 0.0215331 
0.9412 -4.70076 0.0214099 
0.931557 -4.71479 0.0212649 
0.922417 -4.7298 0.0210985 
0.913788 -4.74579 0.020911 
0.905677 -4.76272 0.0207027 
0.898089 -4.78059 0.0204738 
0.891033 -4.79937 0.0202247 
0.884514 -4.81905 0.0199555 
0.87854 -4.83963 0.0196666 
0.873116 -4.86108 0.0193581 
0.86825 -4.8834 0.0190302 
0.863948 -4.90658 0.0186832 
0.860218 -4.93059 0.0183173 
0.857067 -4.95545 0.0179325 
0.8545 -4.98112 0.0175291 
0.852527 -5.00762 0.0171072 
0.851155 -5.03492 0.016667 
0.850392 -5.06303 0.0162085 
0.850245 -5.09193 0.015732 
0.850723 -5.12163 0.0152375 
0.851836 -5.15211 0.0147251 
0.853592 -5.18337 0.0141949 
0.856001 -5.2154 0.0136469 
0.859073 -5.24821 0.0130814 
0.862819 -5.28179 0.0124983 
0.867249 -5.31613 0.0118976 
0.872376 -5.35124 0.0112794 
0.87821 -5.38711 0.0106438 
0.884766 -5.42374 0.00999081 
0.892057 -5.46113 0.00932037 
0.900097 -5.49928 0.00863253 
0.908901 -5.53819 0.00792728 
0.918486 -5.57787 0.0072046 
0.928867 -5.6183 0.00646448 
0.940064 -5.6595 0.00570688 
0.952094 -5.70146 0.00493176 
0.96498 -5.74419 0.00413905 
0.978741 -5.78769 0.00332871 
0.993402 -5.83197 0.00250063 
1.00899 -5.87702 0.00165475 
1.02552 -5.92286 0.000790955 
1.04303 -5.96948 -9.0869e-05 
1.06156 -6.0169 -0.000990849 
1.08112 -6.06512 -0.00190912 
1.10176 -6.11414 -0.00284585 
1.12352 -6.16398 -0.0038012 
1.14643 -6.21464 -0.00477536 
1.17054 -6.26613 -0.00576853 
1.19591 -6.31846 -0.00678094 
1.22257 -6.37163 -0.0078128 
1.2506 -6.42566 -0.0088644 
1.28004 -6.48055 -0.00993599 
1.31099 -6.53632 -0.0110279 
1.3435 -6.59298 -0.0121404 
1.37767 -6.65053 -0.0132738 
1.41358 -6.70898 -0.0144285 
1.45136 -6.76835 -0.0156048 
1.49111 -6.82863 -0.0168032 
1.53296 -6.88985 -0.018024 
1.57708 -6.95199 -0.0192677 
1.62363 -7.01506 -0.0205345 
1.6728 -7.07905 -0.021825 
1.72484 -7.14394 -0.0231393 
1.77999 -7.20971 -0.0244778 
1.83858 -7.27631 -0.0258405 
1.90097 -7.34367 -0.0272273 
1.9676 -7.41168 -0.0286378 
2.039 -7.4802 -0.0300709 
2.11581 -7.54896 -0.0315246 
2.19883 -7.61762 -0.0329955 
2.28904 -7.68559 -0.0344777 
2.38765 -7.75201 -0.0359612 
2.49619 -7.81543 -0.0374286 
2.61644 -7.87351 -0.0388497 
2.75026 -7.92233 -0.0401711 
2.89869 -7.9554 -0.0412991 
3.05948 -7.96305 -0.0420848 
3.2229 -7.93511 -0.0423525 
3.3717 -7.86991 -0.0420336 
3.49247 -7.77927 -0.0412695 
3.58393 -7.67865 -0.0402864 
3.65174 -7.57798 -0.039246 
3.70218 -7.48167 -0.0382303 
3.74007 -7.3912 -0.0372737 
3.76881 -7.30679 -0.0363883 
3.79075 -7.22817 -0.0355763 
3.80753 -7.1549 -0.0348356 
3.82034 -7.08651 -0.0341627 
3.83003 -7.02258 -0.0335535 
3.83726 -6.96271 -0.0330041 
3.84251 -6.90654 -0.0325105 
3.84619 -6.85377 -0.0320696 
3.84858 -6.80412 -0.031678 
3.84995 -6.75734 -0.0313332 
3.85047 -6.71323 -0.0310325 
3.85032 -6.6716 -0.0307738 
3.84964 -6.63228 -0.0305552 
3.84854 -6.59511 -0.0303747 
3.84711 -6.55996 -0.0302308 
3.84544 -6.52671 -0.0301221 
3.8436 -6.49524 -0.0300472 
3.84164 -6.46546 -0.030005 
3.83964 -6.43728 -0.0299942 
3.83762 -6.4106 -0.0300141 
3.83564 -6.38536 -0.0300635 
3.83372 -6.36148 -0.0301417 
3.83191 -6.3389 -0.0302479 
3.83023 -6.31755 -0.0303814 
3.8287 -6.29738 -0.0305415 
3.82736 -6.27834 -0.0307276 
3.82622 -6.26038 -0.0309391 
3.8253 -6.24345 -0.0311755 
3.82463 -6.22751 -0.0314363 
3.82421 -6.21253 -0.0317209 
3.82406 -6.19846 -0.032029 
3.8242 -6.18527 -0.0323602 
3.82463 -6.17293 -0.0327139 
3.82537 -6.1614 -0.0330899 
3.82644 -6.15066 -0.0334878 
3.82784 -6.14068 -0.0339072 
3.82957 -6.13143 -0.0343478 
3.83166 -6.12289 -0.0348093 
3.8341 -6.11504 -0.0352915 
3.83691 -6.10784 -0.0357939 
3.8401 -6.10129 -0.0363164 
3.84366 -6.09536 -0.0368587 
3.84761 -6.09003 -0.0374205 
3.85196 -6.08529 -0.0380016 
3.8567 -6.08111 -0.0386017 
3.86185 -6.07748 -0.0392205 
3.86742 -6.07439 -0.039858 
3.87339 -6.07181 -0.0405138 
3.87979 -6.06974 -0.0411877 
3.88662 -6.06816 -0.0418795 
3.89388 -6.06705 -0.0425891 
3.90157 -6.06641 -0.0433161 
3.9097 -6.06622 -0.0440604 
3.91828 -6.06647 -0.0448218 
3.92731 -6.06715 -0.0456001 
3.93679 -6.06825 -0.0463952 
3.94673 -6.06976 -0.0472067 
3.95713 -6.07166 -0.0480346 
3.96799 -6.07395 -0.0488786 
3.97933 -6.07662 -0.0497385 
3.99113 -6.07966 -0.0506142 
4.00341 -6.08306 -0.0515054 
4.01617 -6.08681 -0.052412 
4.02942 -6.09091 -0.0533337 
4.04315 -6.09535 -0.0542705 
4.05737 -6.10012 -0.055222 
4.07209 -6.10521 -0.0561881 
4.0873 -6.11062 -0.0571686 
4.10302 -6.11634 -0.0581633 
4.11924 -6.12236 -0.059172 
4.13596 -6.12868 -0.0601945 
4.1532 -6.1353 -0.0612305 
4.17095 -6.1422 -0.0622799 
4.18922 -6.14939 -0.0633424 
4.20802 -6.15685 -0.0644178 
4.22733 -6.16459 -0.0655059 
4.24718 -6.1726 -0.0666064 
4.26755 -6.18088 -0.0677192 
4.28846 -6.18942 -0.0688439 
4.30991 -6.19821 -0.0699803 
4.33191 -6.20727 -0.0711282 
4.35444 -6.21658 -0.0722872 
4.37753 -6.22614 -0.0734571 
4.40117 -6.23595 -0.0746376 
4.42536 -6.24601 -0.0758285 
4.45012 -6.25632 -0.0770293 
4.47544 -6.26688 -0.0782398 
4.50132 -6.27768 -0.0794597 
4.52778 -6.28874 -0.0806886 
4.55482 -6.30004 -0.0819262 
4.58243 -6.31159 -0.0831721 
4.61063 -6.3234 -0.0844259 
4.63942 -6.33546 -0.0856872 
4.6688 -6.34779 -0.0869556 
4.69877 -6.36038 -0.0882307 
4.72936 -6.37324 -0.0895121 
4.76055 -6.38637 -0.0907992 
4.79235 -6.39979 -0.0920916 
4.82478 -6.41351 -0.0933888 
4.85783 -6.42752 -0.0946903 
4.89151 -6.44185 -0.0959954 
4.92584 -6.4565 -0.0973037 
4.96082 -6.47149 -0.0986145 
4.99645 -6.48684 -0.0999272 
5.03275 -6.50256 -0.101241 
5.06973 -6.51867 -0.102556 
5.1074 -6.53519 -0.10387 
5.14576 -6.55215 -0.105183 
5.18485 -6.56958 -0.106495 
5.22467 -6.5875 -0.107803 
5.26523 -6.60596 -0.109109 
5.30657 -6.62498 -0.110409 
5.34869 -6.64461 -0.111704 
5.39163 -6.66489 -0.112992 
5.43542 -6.68588 -0.114273 
5.48008 -6.70764 -0.115543 
5.52566 -6.73023 -0.116803 
5.57219 -6.75373 -0.118051 
5.61973 -6.77822 -0.119284 
5.66833 -6.80379 -0.120501 
5.71807 -6.83055 -0.121699 
5.769 -6.85864 -0.122875 
5.82124 -6.88818 -0.124027 
5.87489 -6.91936 -0.12515 
5.93008 -6.95238 -0.126239 
5.98697 -6.98747 -0.12729 
6.04577 -7.02493 -0.128293 
6.10673 -7.06514 -0.129241 
6.17018 -7.10854 -0.130119 
6.23657 -7.15578 -0.130909 
6.3065 -7.20769 -0.131584 
6.3809 -7.26552 -0.1321 
6.46119 -7.33123 -0.132383 
6.55003 -7.40834 -0.132281 
6.65348 -7.50484 -0.131383 
6.80131 -7.65848 -0.126821 
10.487 -9.58247 1.91182 
14.5849 -11.697 4.19727 
18.6828 -13.8115 6.48269 
22.7806 -15.926 8.7681 
26.8785 -18.0405 11.0535 
30.9763 -20.155 13.3389 
35.0741 -22.2694 15.6243 
39.1719 -24.3839 17.9097 
43.2697 -26.4984 20.1951 
47.3675 -28.6129 22.4805 
51.4653 -30.7273 24.7658 
55.5631 -32.8418 27.0512 
59.6609 -34.9563 29.3366 
63.7587 -37.0707 31.622 
67.8565 -39.1852 33.9074 
71.9542 -41.2997 36.1928 
76.052 -43.4141 38.4781 
80.1498 -45.5286 40.7635 
84.2476 -47.643 43.0489 
88.3454 -49.7575 45.3343 
92.4432 -51.872 47.6197 
96.541 -53.9864 49.905 
100.639 -56.1009 52.1904 
104.737 -58.2154 54.4758 
108.834 -60.3298 56.7612 
112.932 -62.4443 59.0465 
117.03 -64.5587 61.3319 
121.128 -66.6732 63.6173 
125.225 -68.7877 65.9027 
129.323 -70.9021 68.1881 
133.421 -73.0166 70.4734 
137.519 -75.131 72.7588 
141.617 -77.2455 75.0442 
145.714 -79.36 77.3296 
149.812 -81.4744 79.6149 
153.91 -83.5889 81.9003 
158.008 -85.7033 84.1857 
162.106 -87.8178 86.4711 
166.203 -89.9323 88.7564 
170.301 -92.0467 91.0418 
174.399 -94.1612 93.3272 
178.497 -96.2756 95.6126 
182.594 -98.3901 97.8979 
186.692 -100.505 100.183 
190.79 -102.619 102.469 
194.888 -104.733 104.754 
198.986 -106.848 107.039 
203.083 -108.962 109.325 
207.181 -111.077 111.61 
211.279 -113.191 113.896 
215.377 -115.306 116.181 
219.474 -117.42 118.466 
223.572 -119.535 120.752 
227.67 -121.649 123.037 
231.768 -123.764 125.322 
235.866 -125.878 127.608 
239.963 -127.993 129.893 
244.061 -130.107 132.179 
248.159 -132.221 134.464 
252.257 -134.336 136.749 
256.354 -136.45 139.035 
260.452 -138.565 141.32 
264.55 -140.679 143.605 
268.648 -142.794 145.891 
272.746 -144.908 148.176 
276.843 -147.023 150.462 
280.941 -149.137 152.747 
285.039 -151.252 155.032 
289.137 -153.366 157.318 
293.234 -155.48 159.603 
297.332 -157.595 161.888 
301.43 -159.709 164.174 
305.528 -161.824 166.459 
309.626 -163.938 168.745 
313.723 -166.053 171.03 
317.821 -168.167 173.315 
321.919 -170.282 175.601 
326.017 -172.396 177.886 
330.114 -174.511 180.171 
334.212 -176.625 182.457 
338.31 -178.74 184.742 
342.408 -180.854 187.028 
346.506 -182.968 189.313 
350.603 -185.083 191.598 
354.701 -187.197 193.884 
358.799 -189.312 196.169 
362.897 -191.426 198.454 
366.994 -193.541 200.74 
371.092 -195.655 203.025 
375.19 -197.77 205.311 
379.288 -199.884 207.596 
383.386 -201.999 209.881 
387.483 -204.113 212.167 
391.581 -206.227 214.452 
395.679 -208.342 216.737 
399.777 -210.456 219.023 
403.874 -212.571 221.308 
407.972 -214.685 223.594 
412.07 -216.8 225.879 
416.168 -218.914 228.164 
420.266 -221.029 230.45 
424.363 -223.143 232.735 
428.461 -225.258 235.02 
432.559 -227.372 237.306 
436.657 -229.486 239.591 
440.754 -231.601 241.877 
444.852 -233.715 244.162 
448.95 -235.83 246.447 
453.048 -237.944 248.733 
457.146 -240.059 251.018 
461.243 -242.173 253.303 
465.341 -244.288 255.589 
469.439 -246.402 257.874 
473.537 -248.517 260.16 
477.634 -250.631 262.445 
481.732 -252.746 264.73 
485.83 -254.86 267.016 
489.928 -256.974 269.301 
494.026 -259.089 271.586 
498.123 -261.203 273.872 
502.221 -263.318 276.157 
506.319 -265.432 278.443 
510.417 -267.547 280.728 
514.514 -269.661 283.013 
518.612 -271.776 285.299 
522.71 -273.89 287.584 
526.808 -276.005 289.869 
530.906 -278.119 292.155 
535.003 -280.233 294.44 
539.101 -282.348 296.726 
543.199 -284.462 299.011 
547.297 -286.577 301.296 
551.394 -288.691 303.582 
555.492 -290.806 305.867 
559.59 -292.92 308.152 
563.688 -295.035 310.438 
567.786 -297.149 312.723 
571.883 -299.264 315.009 
575.981 -301.378 317.294 
580.079 -303.492 319.579 
584.177 -305.607 321.865 
588.274 -307.721 324.15 
592.372 -309.836 326.435 
596.47 -311.95 328.721 
600.568 -314.065 331.006 
604.666 -316.179 333.292 
608.763 -318.294 335.577 
612.861 -320.408 337.862 
616.959 -322.523 340.148 
621.057 -324.637 342.433 
625.154 -326.752 344.718 
629.252 -328.866 347.004 
633.35 -330.98 349.289 
637.448 -333.095 351.575 
641.546 -335.209 353.86 
645.643 -337.324 356.145 
649.741 -339.438 358.431 
653.839 -341.553 360.716 
657.937 -343.667 363.001 
662.034 -345.782 365.287 
666.132 -347.896 367.572 
670.23 -350.011 369.858 
674.328 -352.125 372.143 
678.426 -354.239 374.428 
682.523 -356.354 376.714 
686.621 -358.468 378.999 
690.719 -360.583 381.284 
694.817 -362.697 383.57 
698.914 -364.812 385.855 
703.012 -366.926 388.14 
707.11 -369.041 390.426 
711.208 -371.155 392.711 
715.306 -373.27 394.997 
719.403 -375.384 397.282 
723.501 -377.498 399.567 
727.599 -379.613 401.853 
731.697 -381.727 404.138 
735.794 -383.842 406.423 
739.892 -385.956 408.709 
743.99 -388.071 410.994 
748.088 -390.185 413.28 
752.186 -392.3 415.565 
756.283 -394.414 417.85 
760.381 -396.529 420.136 
764.479 -398.643 422.421 
768.577 -400.758 424.706 
772.674 -402.872 426.992 
776.772 -404.986 429.277 
780.87 -407.101 431.563 
784.968 -409.215 433.848 
789.066 -411.33 436.133 
793.163 -413.444 438.419 
797.261 -415.559 440.704 
801.359 -417.673 442.989 
805.457 -419.788 445.275 
809.554 -421.902 447.56 
813.652 -424.017 449.846 
817.75 -426.131 452.131 
821.848 -428.245 454.416 
825.946 -430.36 456.702 
830.043 -432.474 458.987 
834.141 -434.589 461.272 
838.239 -436.703 463.558 
842.337 -438.818 465.843 
846.434 -440.932 468.129 
850.532 -443.047 470.414 
854.63 -445.161 472.699 
858.728 -447.276 474.985 
862.825 -449.39 477.27 
866.923 -451.504 479.555 
871.021 -453.619 481.841 
875.119 -455.733 484.126 
879.217 -457.848 486.412 
883.314 -459.962 488.697 
887.412 -462.077 490.982 
891.51 -464.191 493.268 
895.608 -466.306 495.553 
899.705 -468.42 497.838 
903.803 -470.535 500.124 
907.901 -472.649 502.409 
911.999 -474.764 504.695 
916.097 -476.878 506.98 
920.194 -478.992 509.265 
924.292 -481.107 511.551 
928.39 -483.221 513.836 
932.488 -485.336 516.121 
936.585 -487.45 518.407 
940.683 -489.565 520.692 
944.781 -491.679 522.978 
948.879 -493.794 525.263 
952.977 -495.908 527.548 
957.074 -498.023 529.834 
961.172 -500.137 532.119 
965.27 -502.251 534.404 
969.368 -504.366 536.69 
973.465 -506.48 538.975 
977.563 -508.595 541.261 
981.661 -510.709 543.546 
985.759 -512.824 545.831 
989.857 -514.938 548.117 
993.954 -517.053 550.402 
998.052 -519.167 552.687 
1002.15 -521.282 554.973 
1006.25 -523.396 557.258 
1010.35 -525.51 559.544 
1014.44 -527.625 561.829 
1018.54 -529.739 564.114 
1022.64 -531.854 566.4 
1026.74 -533.968 568.685 
1030.83 -536.083 570.97 
1034.93 -538.197 573.256 
1039.03 -540.312 575.541 
1043.13 -542.426 577.827 
1047.23 -544.541 580.112 
1051.32 -546.655 582.397 
1055.42 -548.77 584.683 
1059.52 -550.884 586.968 
1063.62 -552.998 589.253 
1067.71 -555.113 591.539 
1071.81 -557.227 593.824 
1075.91 -559.342 596.109 
1080.01 -561.456 598.395 
1084.11 -563.571 600.68 
1088.2 -565.685 602.966 
1092.3 -567.8 605.251 
1096.4 -569.914 607.536 
1100.5 -572.029 609.822 
1104.59 -574.143 612.107 
1108.69 -576.257 614.392 
1112.79 -578.372 616.678 
1116.89 -580.486 618.963 
1120.99 -582.601 621.249 
1125.08 -584.715 623.534 
1129.18 -586.83 625.819 
1133.28 -588.944 628.105 
1137.38 -591.059 630.39 
1141.47 -593.173 632.675 
1145.57 -595.288 634.961 
1149.67 -597.402 637.246 
1153.77 -599.516 639.532 
1157.87 -601.631 641.817 
1161.96 -603.745 644.102 
1166.06 -605.86 646.388 
1170.16 -607.974 648.673 
1174.26 -610.089 650.958 
1178.35 -612.203 653.244 
1182.45 -614.318 655.529 
1186.55 -616.432 657.815 
1190.65 -618.547 660.1 
1194.75 -620.661 662.385 
1198.84 -622.775 664.671 
1202.94 -624.89 666.956 
1207.04 -627.004 669.241 
1211.14 -629.119 671.527 
1215.23 -631.233 673.812 
1219.33 -633.348 676.098 
1223.43 -635.462 678.383 
1227.53 -637.577 680.668 
1231.63 -639.691 682.954 
1235.72 -641.806 685.239 
1239.82 -643.92 687.524 
1243.92 -646.035 689.81 
1248.02 -648.149 692.095 
1252.11 -650.263 694.381 
1256.21 -652.378 696.666 
1260.31 -654.492 698.951 
1264.41 -656.607 701.237 
1268.51 -658.721 703.522 
1272.6 -660.836 705.807 
1276.7 -662.95 708.093 
1280.8 -665.065 710.378 
1284.9 -667.179 712.664 
1288.99 -669.294 714.949 
1293.09 -671.408 717.234 
1297.19 -673.522 719.52 
1301.29 -675.637 721.805 
1305.39 -677.751 724.09 
1309.48 -679.866 726.376 
1313.58 -681.98 728.661 
1317.68 -684.095 730.947 
1321.78 -686.209 733.232 
1325.87 -688.324 735.517 
1329.97 -690.438 737.803 
1334.07 -692.553 740.088 
1338.17 -694.667 742.373 
1342.27 -696.781 744.659 
1346.36 -698.896 746.944 
1350.46 -701.01 749.23 
1354.56 -703.125 751.515 
1358.66 -705.239 753.8 
1362.75 -707.354 756.086 
1366.85 -709.468 758.371 
1370.95 -711.583 760.656 
1375.05 -713.697 762.942 
1379.15 -715.812 765.227 
1383.24 -717.926 767.513 
1387.34 -720.04 769.798 
1391.44 -722.155 772.083 
1395.54 -724.269 774.369 
1399.63 -726.384 776.654 
1403.73 -728.498 778.939 
1407.83 -730.613 781.225 
1411.93 -732.727 783.51 
1416.03 -734.842 785.795 
1420.12 -736.956 788.081 
1424.22 -739.071 790.366 
1428.32 -741.185 792.652 
1432.42 -743.3 794.937 
1436.51 -745.414 797.222 
1440.61 -747.528 799.508 
1444.71 -749.643 801.793 
1448.81 -751.757 804.078 
1452.91 -753.872 806.364 
1457 -755.986 808.649 
1461.1 -758.101 810.935 
1465.2 -760.215 813.22 
1469.3 -762.33 815.505 
1473.39 -764.444 817.791 
1477.49 -766.559 820.076 
1481.59 -768.673 822.361 
1485.69 -770.787 824.647 
1489.79 -772.902 826.932 
1493.88 -775.016 829.218 
1497.98 -777.131 831.503 
1502.08 -779.245 833.788 
1506.18 -781.36 836.074 
