-2.64732 -4.66593 0.0785686 
-2.62364 -4.67816 0.0780896 
-2.5999 -4.69027 0.0776087 
-2.57609 -4.70226 0.0771257 
-2.55221 -4.71413 0.0766408 
-2.52827 -4.72587 0.0761539 
-2.50426 -4.7375 0.075665 
-2.48019 -4.74901 0.0751743 
-2.45606 -4.76039 0.0746815 
-2.43186 -4.77165 0.0741869 
-2.4076 -4.78279 0.0736903 
-2.38328 -4.79381 0.0731919 
-2.3589 -4.8047 0.0726916 
-2.33445 -4.81547 0.0721893 
-2.30995 -4.82611 0.0716853 
-2.28538 -4.83663 0.0711793 
-2.26076 -4.84702 0.0706715 
-2.23607 -4.85729 0.0701619 
-2.21133 -4.86743 0.0696505 
-2.18653 -4.87744 0.0691372 
-2.16168 -4.88733 0.0686222 
-2.13677 -4.89709 0.0681053 
-2.1118 -4.90672 0.0675867 
-2.08678 -4.91622 0.0670663 
-2.0617 -4.9256 0.0665442 
-2.03657 -4.93484 0.0660203 
-2.01138 -4.94395 0.0654946 
-1.98614 -4.95294 0.0649672 
-1.96085 -4.96179 0.0644382 
-1.93551 -4.97051 0.0639074 
-1.91012 -4.9791 0.0633749 
-1.88467 -4.98755 0.0628407 
-1.85918 -4.99588 0.0623049 
-1.83363 -5.00407 0.0617674 
-1.80804 -5.01212 0.0612282 
-1.7824 -5.02004 0.0606875 
-1.75671 -5.02783 0.060145 
-1.73097 -5.03548 0.059601 
-1.70519 -5.04299 0.0590554 
-1.67936 -5.05037 0.0585081 
-1.65349 -5.05761 0.0579593 
-1.62757 -5.06471 0.0574089 
-1.60161 -5.07167 0.056857 
-1.5756 -5.0785 0.0563035 
-1.54955 -5.08518 0.0557484 
-1.52346 -5.09172 0.0551919 
-1.49733 -5.09813 0.0546338 
-1.47115 -5.10439 0.0540742 
-1.44494 -5.11051 0.0535132 
-1.41868 -5.11648 0.0529506 
-1.39239 -5.12231 0.0523866 
-1.36606 -5.128 0.0518211 
-1.33969 -5.13355 0.0512542 
-1.31329 -5.13895 0.0506858 
-1.28684 -5.1442 0.0501161 
-1.26037 -5.1493 0.0495449 
-1.23385 -5.15426 0.0489723 
-1.20731 -5.15907 0.0483984 
-1.18073 -5.16373 0.0478231 
-1.15411 -5.16824 0.0472464 
-1.12747 -5.17261 0.0466684 
-1.10079 -5.17682 0.0460891 
-1.07408 -5.18088 0.0455084 
-1.04734 -5.18478 0.0449265 
-1.02058 -5.18854 0.0443432 
-0.993782 -5.19213 0.0437587 
-0.966959 -5.19558 0.0431729 
-0.940109 -5.19887 0.0425859 
-0.913233 -5.202 0.0419976 
-0.886331 -5.20498 0.0414081 
-0.859405 -5.2078 0.0408175 
-0.832456 -5.21046 0.0402256 
-0.805483 -5.21295 0.0396325 
-0.778489 -5.21529 0.0390383 
-0.751473 -5.21747 0.038443 
-0.724437 -5.21949 0.0378465 
-0.697381 -5.22134 0.0372489 
-0.670307 -5.22303 0.0366503 
-0.643215 -5.22456 0.0360505 
-0.616106 -5.22592 0.0354497 
-0.588981 -5.22711 0.0348478 
-0.561842 -5.22813 0.0342449 
-0.534688 -5.22899 0.033641 
-0.507521 -5.22968 0.0330361 
-0.480343 -5.23019 0.0324302 
-0.453153 -5.23054 0.0318234 
-0.425953 -5.23071 0.0312156 
-0.398745 -5.23071 0.0306069 
-0.371528 -5.23054 0.0299974 
-0.344304 -5.23019 0.0293869 
-0.317075 -5.22966 0.0287756 
-0.289841 -5.22896 0.0281634 
-0.262603 -5.22808 0.0275504 
-0.235363 -5.22702 0.0269366 
-0.208122 -5.22578 0.026322 
-0.180881 -5.22435 0.0257067 
-0.15364 -5.22275 0.0250907 
-0.126402 -5.22096 0.0244739 
-0.0991681 -5.21898 0.0238564 
-0.0719386 -5.21682 0.0232383 
-0.0447153 -5.21447 0.0226196 
-0.0174994 -5.21193 0.0220002 
0.00970752 -5.20921 0.0213802 
0.0369043 -5.20629 0.0207597 
0.0640893 -5.20318 0.0201386 
0.0912614 -5.19987 0.0195171 
0.118419 -5.19637 0.018895 
0.14556 -5.19267 0.0182725 
0.172684 -5.18878 0.0176496 
0.199789 -5.18469 0.0170262 
0.226873 -5.1804 0.0164025 
0.253935 -5.1759 0.0157785 
0.280972 -5.1712 0.0151542 
0.307984 -5.1663 0.0145296 
0.334969 -5.1612 0.0139047 
0.361924 -5.15588 0.0132797 
0.388848 -5.15036 0.0126544 
0.415739 -5.14463 0.0120291 
0.442595 -5.13868 0.0114036 
0.469415 -5.13253 0.0107781 
0.496196 -5.12615 0.0101526 
0.522935 -5.11957 0.00952706 
0.549632 -5.11276 0.00890161 
0.576284 -5.10574 0.00827625 
0.602889 -5.09849 0.00765104 
0.629444 -5.09102 0.00702601 
0.655947 -5.08333 0.00640121 
0.682395 -5.07541 0.00577669 
0.708788 -5.06727 0.0051525 
0.73512 -5.05889 0.00452868 
0.761392 -5.05029 0.00390529 
0.787599 -5.04145 0.00328237 
0.813738 -5.03238 0.00265998 
0.839808 -5.02307 0.00203818 
0.865805 -5.01353 0.00141702 
0.891727 -5.00374 0.000796552 
0.91757 -4.99371 0.000176846 
0.943331 -4.98344 -0.000442041 
0.969008 -4.97293 -0.00106005 
0.994596 -4.96217 -0.0016771 
1.02009 -4.95116 -0.00229314 
1.04549 -4.9399 -0.0029081 
1.0708 -4.92838 -0.00352189 
1.096 -4.91662 -0.00413446 
1.12109 -4.90459 -0.00474573 
1.14608 -4.89231 -0.0053556 
1.17095 -4.87977 -0.00596402 
1.1957 -4.86696 -0.00657088 
1.22034 -4.85389 -0.0071761 
1.24484 -4.84056 -0.00777961 
1.26922 -4.82695 -0.00838129 
1.29346 -4.81308 -0.00898106 
1.31755 -4.79893 -0.00957883 
1.34151 -4.78451 -0.0101745 
1.36531 -4.76982 -0.0107679 
1.38896 -4.75484 -0.011359 
1.41244 -4.73959 -0.0119477 
1.43576 -4.72405 -0.0125338 
1.45891 -4.70823 -0.0131172 
1.48188 -4.69212 -0.0136979 
1.50467 -4.67573 -0.0142756 
1.52726 -4.65905 -0.0148502 
1.54966 -4.64207 -0.0154217 
1.57185 -4.6248 -0.0159898 
1.59384 -4.60724 -0.0165544 
1.6156 -4.58938 -0.0171153 
1.63714 -4.57122 -0.0176725 
1.65845 -4.55277 -0.0182256 
1.67951 -4.53401 -0.0187747 
1.70033 -4.51494 -0.0193194 
1.72089 -4.49558 -0.0198596 
1.74118 -4.47591 -0.0203951 
1.7612 -4.45593 -0.0209257 
1.78093 -4.43564 -0.0214512 
1.80036 -4.41505 -0.0219714 
1.8195 -4.39415 -0.0224861 
1.83831 -4.37294 -0.022995 
1.8568 -4.35141 -0.0234979 
1.87496 -4.32958 -0.0239945 
1.89276 -4.30744 -0.0244847 
1.91021 -4.28499 -0.024968 
1.92728 -4.26223 -0.0254444 
1.94397 -4.23916 -0.0259133 
1.96026 -4.21578 -0.0263747 
1.97614 -4.1921 -0.0268281 
1.99159 -4.16811 -0.0272732 
2.0066 -4.14382 -0.0277097 
2.02116 -4.11924 -0.0281373 
2.03525 -4.09435 -0.0285557 
2.04885 -4.06918 -0.0289643 
2.06195 -4.04372 -0.0293629 
2.07453 -4.01797 -0.0297511 
2.08657 -3.99195 -0.0301284 
2.09806 -3.96565 -0.0304945 
2.10898 -3.93909 -0.0308488 
2.1193 -3.91228 -0.031191 
2.12902 -3.88521 -0.0315206 
2.13811 -3.85791 -0.0318371 
2.14655 -3.83038 -0.03214 
2.15432 -3.80264 -0.0324289 
2.1614 -3.77469 -0.0327031 
2.16776 -3.74655 -0.0329622 
2.1734 -3.71824 -0.0332057 
2.17828 -3.68977 -0.033433 
2.18239 -3.66116 -0.0336435 
2.1857 -3.63243 -0.0338366 
2.18819 -3.6036 -0.0340119 
2.18985 -3.5747 -0.0341687 
2.19064 -3.54575 -0.0343065 
2.19055 -3.51677 -0.0344247 
2.18957 -3.4878 -0.0345227 
2.18766 -3.45887 -0.0346 
2.18481 -3.43 -0.034656 
2.18101 -3.40124 -0.0346901 
2.17623 -3.37262 -0.034702 
2.17047 -3.34417 -0.034691 
2.16371 -3.31594 -0.0346568 
2.15594 -3.28797 -0.0345989 
2.14715 -3.2603 -0.034517 
2.13733 -3.23299 -0.0344106 
2.12649 -3.20607 -0.0342797 
2.11462 -3.1796 -0.0341238 
2.10172 -3.15362 -0.0339429 
2.0878 -3.12819 -0.0337369 
2.07286 -3.10336 -0.0335059 
2.05694 -3.07918 -0.0332498 
2.04003 -3.05569 -0.0329689 
2.02216 -3.03296 -0.0326635 
2.00336 -3.01103 -0.0323338 
1.98365 -2.98994 -0.0319803 
1.96307 -2.96975 -0.0316036 
1.94165 -2.9505 -0.0312043 
1.91944 -2.93223 -0.0307831 
1.89647 -2.91498 -0.0303408 
1.8728 -2.89878 -0.0298784 
1.84846 -2.88368 -0.0293967 
1.82353 -2.86968 -0.0288968 
1.79803 -2.85683 -0.0283799 
1.77204 -2.84513 -0.0278469 
1.74561 -2.83461 -0.0272992 
1.71879 -2.82528 -0.0267379 
1.69164 -2.81713 -0.0261642 
1.66421 -2.81019 -0.0255794 
1.63656 -2.80443 -0.0249848 
1.60875 -2.79986 -0.0243815 
1.58082 -2.79648 -0.0237709 
1.55284 -2.79426 -0.023154 
1.52484 -2.79319 -0.022532 
1.49687 -2.79325 -0.0219062 
1.46899 -2.79443 -0.0212775 
1.44123 -2.7967 -0.020647 
1.41363 -2.80003 -0.0200158 
1.38622 -2.8044 -0.0193846 
1.35906 -2.80977 -0.0187545 
1.33215 -2.81613 -0.0181263 
1.30554 -2.82344 -0.0175008 
1.27926 -2.83167 -0.0168786 
1.25332 -2.84079 -0.0162604 
1.22774 -2.85077 -0.015647 
1.20256 -2.86157 -0.0150388 
1.17778 -2.87318 -0.0144364 
1.15343 -2.88554 -0.0138403 
1.12951 -2.89865 -0.0132509 
1.10604 -2.91245 -0.0126685 
1.08302 -2.92694 -0.0120936 
1.06048 -2.94207 -0.0115265 
1.03841 -2.95783 -0.0109674 
1.01682 -2.97418 -0.0104167 
0.995711 -2.99109 -0.00987443 
0.975097 -3.00855 -0.00934089 
0.954975 -3.02652 -0.00881623 
0.935348 -3.04498 -0.00830058 
0.916215 -3.06392 -0.00779407 
0.897579 -3.0833 -0.00729679 
0.879438 -3.10311 -0.00680882 
0.861791 -3.12332 -0.00633023 
0.844636 -3.14392 -0.00586106 
0.827972 -3.16489 -0.00540134 
0.811795 -3.1862 -0.00495108 
0.796104 -3.20785 -0.00451031 
0.780894 -3.22981 -0.004079 
0.766162 -3.25206 -0.00365716 
0.751904 -3.2746 -0.00324475 
0.738116 -3.2974 -0.00284174 
0.724793 -3.32046 -0.00244811 
0.711932 -3.34376 -0.00206379 
0.699527 -3.36728 -0.00168875 
0.687573 -3.39102 -0.00132292 
0.676066 -3.41496 -0.000966251 
0.665001 -3.43908 -0.000618677 
0.654373 -3.46339 -0.000280131 
0.644176 -3.48786 4.94565e-05 
0.634405 -3.5125 0.000370159 
0.625057 -3.53728 0.000682051 
0.616124 -3.5622 0.000985208 
0.607602 -3.58725 0.00127971 
0.599487 -3.61243 0.00156564 
0.591772 -3.63771 0.00184307 
0.584453 -3.66311 0.00211208 
0.577524 -3.6886 0.00237277 
0.570981 -3.71418 0.00262521 
0.564819 -3.73985 0.00286948 
0.559033 -3.76559 0.00310567 
0.553617 -3.79141 0.00333386 
0.548567 -3.81729 0.00355413 
0.543879 -3.84323 0.00376657 
0.539547 -3.86922 0.00397126 
0.535566 -3.89527 0.00416829 
0.531933 -3.92135 0.00435772 
0.528643 -3.94748 0.00453965 
0.52569 -3.97364 0.00471415 
0.523072 -3.99983 0.00488131 
0.520783 -4.02604 0.0050412 
0.518819 -4.05228 0.00519391 
0.517176 -4.07853 0.0053395 
0.51585 -4.10479 0.00547806 
0.514836 -4.13106 0.00560966 
0.514131 -4.15734 0.00573438 
0.513731 -4.18362 0.00585229 
0.513631 -4.2099 0.00596346 
0.513829 -4.23617 0.00606798 
0.51432 -4.26244 0.0061659 
0.5151 -4.28869 0.00625729 
0.516167 -4.31493 0.00634224 
0.517515 -4.34116 0.0064208 
0.519143 -4.36737 0.00649305 
0.521046 -4.39355 0.00655904 
0.52322 -4.41971 0.00661886 
0.525664 -4.44585 0.00667255 
0.528373 -4.47195 0.00672019 
0.531344 -4.49803 0.00676183 
0.534574 -4.52407 0.00679755 
0.53806 -4.55008 0.0068274 
0.541799 -4.57605 0.00685143 
0.545787 -4.60198 0.00686972 
0.550023 -4.62788 0.00688231 
0.554502 -4.65372 0.00688927 
0.559223 -4.67953 0.00689065 
0.564182 -4.70529 0.00688652 
0.569377 -4.731 0.00687691 
0.574804 -4.75666 0.00686189 
0.580462 -4.78227 0.00684151 
0.586347 -4.80783 0.00681582 
0.592457 -4.83334 0.00678488 
0.59879 -4.85879 0.00674873 
0.605343 -4.88419 0.00670742 
0.612114 -4.90953 0.00666101 
0.619099 -4.93481 0.00660954 
0.626298 -4.96003 0.00655307 
0.633707 -4.98518 0.00649163 
0.641325 -5.01028 0.00642527 
0.649148 -5.03532 0.00635404 
0.657175 -5.06028 0.00627799 
0.665404 -5.08519 0.00619715 
0.673832 -5.11003 0.00611158 
0.682458 -5.1348 0.00602131 
0.691279 -5.1595 0.00592639 
0.700293 -5.18413 0.00582686 
0.709499 -5.2087 0.00572276 
0.718894 -5.23319 0.00561413 
0.728476 -5.25761 0.00550101 
0.738244 -5.28196 0.00538344 
0.748195 -5.30623 0.00526146 
0.758329 -5.33043 0.0051351 
0.768642 -5.35456 0.00500441 
0.779133 -5.37861 0.00486941 
0.789801 -5.40258 0.00473016 
0.800643 -5.42648 0.00458667 
0.811659 -5.4503 0.004439 
0.822845 -5.47404 0.00428716 
0.834202 -5.4977 0.0041312 
0.845726 -5.52129 0.00397115 
0.857417 -5.54479 0.00380705 
0.869273 -5.56821 0.00363892 
0.881292 -5.59155 0.0034668 
0.893473 -5.61481 0.00329072 
0.905814 -5.63799 0.00311072 
0.918314 -5.66108 0.00292682 
0.930971 -5.68409 0.00273906 
0.943784 -5.70702 0.00254746 
0.956752 -5.72986 0.00235206 
0.969872 -5.75262 0.00215288 
0.983144 -5.77529 0.00194996 
0.996567 -5.79787 0.00174332 
1.01014 -5.82037 0.00153299 
1.02386 -5.84278 0.00131899 
1.03772 -5.8651 0.00110137 
1.05173 -5.88734 0.000880136 
1.06589 -5.90949 0.000655324 
1.08018 -5.93155 0.000426958 
1.09462 -5.95352 0.000195065 
1.1092 -5.9754 -4.03302e-05 
1.12391 -5.99719 -0.000279202 
1.13877 -6.01888 -0.000521525 
1.15376 -6.04049 -0.000767275 
1.16888 -6.06201 -0.00101643 
1.18414 -6.08344 -0.00126896 
1.19953 -6.10477 -0.00152484 
1.21506 -6.12601 -0.00178406 
1.23071 -6.14716 -0.00204658 
1.24649 -6.16822 -0.00231239 
1.26241 -6.18918 -0.00258146 
1.27845 -6.21005 -0.00285377 
1.29461 -6.23083 -0.00312929 
1.3109 -6.25151 -0.00340802 
1.32732 -6.27209 -0.00368991 
1.34386 -6.29259 -0.00397496 
1.36052 -6.31298 -0.00426315 
1.37731 -6.33328 -0.00455444 
1.39421 -6.35349 -0.00484882 
1.41123 -6.37359 -0.00514628 
1.42837 -6.39361 -0.00544678 
1.44563 -6.41352 -0.00575032 
1.46301 -6.43334 -0.00605686 
1.4805 -6.45306 -0.0063664 
1.4981 -6.47268 -0.00667891 
1.51582 -6.4922 -0.00699437 
1.53366 -6.51163 -0.00731276 
1.5516 -6.53095 -0.00763407 
1.56966 -6.55018 -0.00795828 
1.58782 -6.56931 -0.00828537 
1.6061 -6.58833 -0.00861532 
1.62448 -6.60726 -0.00894812 
1.64297 -6.62609 -0.00928374 
1.66157 -6.64482 -0.00962216 
1.68028 -6.66344 -0.00996338 
1.69909 -6.68197 -0.0103074 
1.718 -6.70039 -0.0106541 
1.73702 -6.71871 -0.0110036 
1.75614 -6.73693 -0.0113558 
1.77536 -6.75505 -0.0117108 
1.79469 -6.77306 -0.0120684 
1.81411 -6.79098 -0.0124287 
1.83364 -6.80879 -0.0127916 
1.85326 -6.82649 -0.0131572 
1.87298 -6.84409 -0.0135255 
1.8928 -6.86159 -0.0138963 
1.91272 -6.87898 -0.0142697 
1.93273 -6.89627 -0.0146458 
1.95284 -6.91345 -0.0150244 
1.97304 -6.93053 -0.0154055 
1.99334 -6.9475 -0.0157892 
2.01373 -6.96437 -0.0161754 
2.03421 -6.98113 -0.0165641 
2.05478 -6.99779 -0.0169553 
2.07545 -7.01433 -0.017349 
2.0962 -7.03077 -0.0177452 
2.11705 -7.04711 -0.0181438 
2.13798 -7.06333 -0.0185448 
2.15901 -7.07945 -0.0189483 
2.18012 -7.09546 -0.0193542 
2.20131 -7.11136 -0.0197625 
2.2226 -7.12716 -0.0201732 
2.24397 -7.14284 -0.0205862 
2.26542 -7.15841 -0.0210016 
2.28696 -7.17388 -0.0214194 
2.30859 -7.18923 -0.0218394 
2.33029 -7.20448 -0.0222618 
2.35208 -7.21961 -0.0226865 
2.37396 -7.23463 -0.0231135 
2.39591 -7.24954 -0.0235428 
2.41794 -7.26434 -0.0239744 
2.44005 -7.27903 -0.0244082 
2.46225 -7.29361 -0.0248442 
2.48452 -7.30807 -0.0252825 
2.50687 -7.32242 -0.025723 
2.5293 -7.33666 -0.0261658 
2.5518 -7.35078 -0.0266107 
2.57439 -7.36479 -0.0270578 
2.59704 -7.37869 -0.027507 
2.61978 -7.39247 -0.0279584 
2.64258 -7.40613 -0.028412 
2.66547 -7.41968 -0.0288677 
2.68842 -7.43312 -0.0293256 
2.71145 -7.44644 -0.0297855 
2.73455 -7.45964 -0.0302476 
2.75772 -7.47273 -0.0307117 
2.78097 -7.4857 -0.0311779 
2.80428 -7.49855 -0.0316462 
2.82767 -7.51129 -0.0321165 
2.85112 -7.5239 -0.0325889 
2.87464 -7.5364 -0.0330633 
2.89823 -7.54878 -0.0335398 
2.92189 -7.56104 -0.0340182 
2.94562 -7.57318 -0.0344987 
2.96941 -7.5852 -0.0349811 
2.99327 -7.5971 -0.0354655 
3.0172 -7.60888 -0.0359519 
3.04119 -7.62054 -0.0364403 
3.06524 -7.63208 -0.0369306 
3.08936 -7.64349 -0.0374228 
3.11354 -7.65479 -0.0379169 
3.13778 -7.66596 -0.038413 
3.16209 -7.677 -0.038911 
3.18646 -7.68793 -0.0394108 
3.21089 -7.69873 -0.0399126 
3.23538 -7.7094 -0.0404162 
3.25993 -7.71995 -0.0409216 
3.28453 -7.73038 -0.041429 
3.3092 -7.74068 -0.0419381 
3.33393 -7.75085 -0.0424491 
3.35871 -7.7609 -0.0429619 
3.38355 -7.77082 -0.0434765 
3.40845 -7.78061 -0.0439929 
3.4334 -7.79028 -0.044511 
3.45841 -7.79981 -0.045031 
3.48348 -7.80922 -0.0455527 
3.50859 -7.8185 -0.0460761 
3.53377 -7.82764 -0.0466013 
3.55899 -7.83666 -0.0471283 
3.58427 -7.84555 -0.0476569 
3.6096 -7.8543 -0.0481873 
3.63498 -7.86292 -0.0487193 
3.66041 -7.87141 -0.0492531 
3.68589 -7.87977 -0.0497885 
3.71142 -7.88799 -0.0503255 
3.73701 -7.89608 -0.0508643 
3.76263 -7.90404 -0.0514046 
3.78831 -7.91186 -0.0519466 
3.81404 -7.91955 -0.0524903 
3.83981 -7.92709 -0.0530355 
3.86562 -7.93451 -0.0535823 
3.89149 -7.94178 -0.0541307 
3.91739 -7.94892 -0.0546807 
3.94335 -7.95592 -0.0552323 
3.96934 -7.96278 -0.0557854 
3.99538 -7.9695 -0.05634 
4.02146 -7.97608 -0.0568962 
4.04758 -7.98251 -0.0574539 
4.07375 -7.98881 -0.0580131 
4.09995 -7.99497 -0.0585738 
4.12619 -8.00098 -0.059136 
4.15248 -8.00685 -0.0596996 
4.1788 -8.01257 -0.0602647 
4.20516 -8.01816 -0.0608312 
4.23155 -8.02359 -0.0613992 
4.25799 -8.02888 -0.0619686 
4.28445 -8.03403 -0.0625394 
4.31096 -8.03902 -0.0631117 
4.3375 -8.04387 -0.0636852 
4.36407 -8.04857 -0.0642602 
4.39067 -8.05312 -0.0648365 
4.41731 -8.05752 -0.0654142 
4.44398 -8.06177 -0.0659932 
4.47068 -8.06587 -0.0665735 
4.49741 -8.06981 -0.0671552 
4.52417 -8.07361 -0.0677381 
4.55096 -8.07724 -0.0683223 
4.57778 -8.08073 -0.0689077 
4.60462 -8.08406 -0.0694944 
4.63149 -8.08723 -0.0700824 
4.65838 -8.09025 -0.0706715 
4.6853 -8.09311 -0.0712619 
4.71225 -8.09581 -0.0718535 
4.73921 -8.09835 -0.0724462 
4.7662 -8.10073 -0.0730401 
4.79321 -8.10295 -0.0736352 
4.82025 -8.105 -0.0742314 
4.8473 -8.1069 -0.0748287 
4.87437 -8.10863 -0.0754271 
4.90145 -8.1102 -0.0760266 
4.92856 -8.1116 -0.0766271 
4.95568 -8.11284 -0.0772287 
4.98281 -8.1139 -0.0778313 
5.00996 -8.1148 -0.078435 
5.03713 -8.11553 -0.0790396 
5.0643 -8.1161 -0.0796453 
5.09149 -8.11649 -0.0802518 
5.11869 -8.1167 -0.0808594 
5.14589 -8.11675 -0.0814678 
5.17311 -8.11662 -0.0820772 
5.20033 -8.11631 -0.0826874 
5.22756 -8.11583 -0.0832986 
5.25479 -8.11518 -0.0839105 
5.28203 -8.11434 -0.0845233 
5.30927 -8.11333 -0.0851369 
5.33651 -8.11213 -0.0857513 
5.36375 -8.11075 -0.0863664 
5.39099 -8.10919 -0.0869823 
5.41823 -8.10745 -0.0875988 
5.44547 -8.10552 -0.0882161 
5.4727 -8.10341 -0.0888341 
5.49992 -8.10111 -0.0894527 
5.52714 -8.09862 -0.0900719 
5.55435 -8.09594 -0.0906917 
5.58155 -8.09307 -0.0913121 
5.60874 -8.09001 -0.091933 
5.63591 -8.08675 -0.0925544 
5.66307 -8.0833 -0.0931764 
5.69022 -8.07966 -0.0937988 
5.71735 -8.07581 -0.0944216 
5.74446 -8.07177 -0.0950448 
5.77155 -8.06753 -0.0956684 
5.79862 -8.06309 -0.0962924 
5.82566 -8.05844 -0.0969167 
5.85268 -8.05359 -0.0975412 
5.87967 -8.04854 -0.098166 
5.90663 -8.04328 -0.098791 
5.93357 -8.03781 -0.0994162 
5.96047 -8.03213 -0.100041 
5.98733 -8.02624 -0.100667 
6.01416 -8.02014 -0.101292 
6.04095 -8.01382 -0.101918 
6.0677 -8.00729 -0.102543 
6.09441 -8.00054 -0.103169 
6.12107 -7.99357 -0.103794 
6.14769 -7.98638 -0.10442 
6.17426 -7.97897 -0.105045 
6.20077 -7.97134 -0.10567 
6.22724 -7.96348 -0.106294 
6.25364 -7.95539 -0.106918 
6.27999 -7.94707 -0.107542 
6.30628 -7.93853 -0.108166 
6.3325 -7.92975 -0.108789 
6.35866 -7.92074 -0.109411 
6.38475 -7.91149 -0.110033 
6.41076 -7.90201 -0.110655 
6.43671 -7.89228 -0.111275 
6.46257 -7.88232 -0.111895 
6.48835 -7.87211 -0.112514 
6.51405 -7.86166 -0.113133 
6.53966 -7.85096 -0.11375 
6.56518 -7.84002 -0.114366 
6.59061 -7.82882 -0.114981 
6.61594 -7.81737 -0.115596 
6.64116 -7.80567 -0.116208 
6.66629 -7.79371 -0.11682 
6.6913 -7.78149 -0.11743 
6.7162 -7.76902 -0.118039 
6.74099 -7.75628 -0.118646 
6.76565 -7.74328 -0.119252 
6.79019 -7.73001 -0.119856 
6.8146 -7.71647 -0.120458 
6.83887 -7.70267 -0.121058 
6.86299 -7.68859 -0.121664 
6.88697 -7.67423 -0.122267 
6.9108 -7.6596 -0.122869 
6.93447 -7.64469 -0.123468 
6.95799 -7.6295 -0.124065 
6.98134 -7.61402 -0.12466 
7.00451 -7.59827 -0.125252 
7.02752 -7.58223 -0.125841 
7.05034 -7.5659 -0.126427 
7.07297 -7.54929 -0.12701 
7.0954 -7.53238 -0.12759 
7.11764 -7.51518 -0.128166 
7.13966 -7.49768 -0.128739 
7.16147 -7.47989 -0.129309 
7.18305 -7.46181 -0.129874 
7.20441 -7.44342 -0.130436 
7.22552 -7.42473 -0.130994 
7.24639 -7.40574 -0.131547 
7.267 -7.38644 -0.132096 
7.28735 -7.36684 -0.13264 
7.30742 -7.34693 -0.13318 
7.32721 -7.32672 -0.133714 
7.34671 -7.3062 -0.134243 
7.36591 -7.28537 -0.134766 
7.38479 -7.26423 -0.135284 
7.40335 -7.24277 -0.135796 
7.42158 -7.22101 -0.136302 
7.43946 -7.19894 -0.136801 
7.45699 -7.17656 -0.137293 
7.47414 -7.15387 -0.137778 
7.49091 -7.13087 -0.138256 
7.50729 -7.10756 -0.138727 
7.52326 -7.08395 -0.139189 
7.53881 -7.06003 -0.139644 
7.55392 -7.03581 -0.140089 
7.56858 -7.01129 -0.140526 
7.58277 -6.98648 -0.140954 
7.59648 -6.96137 -0.141372 
7.6097 -6.93597 -0.14178 
7.6224 -6.91028 -0.142177 
7.63456 -6.88432 -0.142564 
7.64618 -6.85809 -0.142939 
7.65723 -6.83158 -0.143303 
7.66769 -6.80482 -0.143655 
7.67754 -6.77781 -0.143994 
7.68678 -6.75056 -0.14432 
7.69536 -6.72308 -0.144632 
7.70329 -6.69537 -0.144931 
7.71052 -6.66746 -0.145214 
7.71706 -6.63936 -0.145483 
7.72286 -6.61108 -0.145736 
7.72792 -6.58264 -0.145973 
7.7322 -6.55405 -0.146193 
7.7357 -6.52534 -0.146396 
7.73838 -6.49653 -0.146581 
7.74022 -6.46763 -0.146747 
7.74121 -6.43868 -0.146895 
7.74133 -6.4097 -0.147022 
7.74054 -6.38071 -0.14713 
7.73884 -6.35176 -0.147217 
7.73621 -6.32286 -0.147282 
7.73262 -6.29406 -0.147326 
7.72807 -6.26539 -0.147347 
7.72253 -6.23688 -0.147345 
7.71599 -6.20859 -0.14732 
7.70844 -6.18054 -0.147271 
7.69988 -6.15279 -0.147198 
7.69029 -6.12538 -0.1471 
7.67967 -6.09835 -0.146977 
7.66802 -6.07176 -0.14683 
7.65535 -6.04565 -0.146657 
7.64165 -6.02008 -0.146459 
7.62693 -5.99509 -0.146235 
7.61121 -5.97074 -0.145986 
7.59451 -5.94708 -0.145712 
7.57684 -5.92415 -0.145413 
7.55823 -5.90202 -0.14509 
7.53871 -5.88073 -0.144742 
7.5183 -5.86032 -0.144371 
7.49705 -5.84084 -0.143977 
7.47499 -5.82233 -0.14356 
7.45217 -5.80484 -0.143122 
7.42863 -5.78839 -0.142663 
7.40442 -5.77303 -0.142185 
7.37959 -5.75877 -0.141688 
7.35419 -5.74566 -0.141173 
7.32828 -5.73369 -0.140642 
7.30191 -5.72291 -0.140095 
7.27515 -5.7133 -0.139535 
7.24804 -5.70489 -0.138962 
7.22064 -5.69768 -0.138377 
7.19302 -5.69166 -0.137782 
7.16521 -5.68683 -0.137177 
7.13728 -5.68319 -0.136565 
7.10928 -5.68071 -0.135947 
7.08125 -5.6794 -0.135323 
7.05325 -5.67922 -0.134695 
7.02532 -5.68016 -0.134063 
6.99751 -5.6822 -0.13343 
6.96984 -5.6853 -0.132795 
6.94237 -5.68946 -0.132161 
6.91513 -5.69463 -0.131527 
6.88815 -5.70078 -0.130895 
6.86145 -5.7079 -0.130265 
6.83507 -5.71594 -0.129638 
6.80904 -5.72488 -0.129016 
6.78336 -5.73469 -0.128398 
6.75808 -5.74533 -0.127785 
6.73319 -5.75678 -0.127178 
6.70873 -5.76899 -0.126577 
6.6847 -5.78195 -0.125982 
6.66112 -5.79563 -0.125395 
6.63799 -5.80998 -0.124815 
6.61533 -5.82499 -0.124243 
6.59315 -5.84063 -0.123679 
6.57144 -5.85687 -0.123123 
6.55022 -5.87368 -0.122575 
6.52949 -5.89103 -0.122037 
6.50926 -5.90891 -0.121507 
6.48951 -5.92729 -0.120986 
6.47027 -5.94614 -0.120475 
6.45152 -5.96544 -0.119973 
6.43326 -5.98517 -0.11948 
6.41551 -6.00531 -0.118997 
6.39824 -6.02585 -0.118523 
6.38147 -6.04675 -0.118058 
6.36518 -6.068 -0.117603 
6.34938 -6.08959 -0.117158 
6.33407 -6.1115 -0.116722 
6.31923 -6.1337 -0.116296 
6.30487 -6.15619 -0.115879 
6.29098 -6.17895 -0.115472 
6.27755 -6.20197 -0.115074 
6.26459 -6.22523 -0.114685 
6.25209 -6.24871 -0.114306 
6.24004 -6.27242 -0.113937 
6.22844 -6.29632 -0.113576 
6.21728 -6.32042 -0.113225 
6.20656 -6.3447 -0.112882 
6.19627 -6.36915 -0.112549 
6.18641 -6.39376 -0.112225 
6.17697 -6.41852 -0.11191 
6.16795 -6.44342 -0.111603 
6.15934 -6.46845 -0.111305 
6.15114 -6.49361 -0.111016 
6.14334 -6.51888 -0.110736 
6.13594 -6.54425 -0.110464 
6.12893 -6.56973 -0.1102 
6.12231 -6.5953 -0.109945 
6.11607 -6.62096 -0.109698 
6.11021 -6.64669 -0.109459 
6.10471 -6.6725 -0.109228 
6.09959 -6.69837 -0.109005 
6.09483 -6.72431 -0.10879 
6.09042 -6.7503 -0.108583 
6.08637 -6.77634 -0.108384 
6.08266 -6.80242 -0.108192 
6.0793 -6.82854 -0.108008 
6.07628 -6.8547 -0.107831 
6.0736 -6.88088 -0.107662 
6.07124 -6.90709 -0.1075 
6.06921 -6.93333 -0.107346 
6.0675 -6.95958 -0.107198 
6.06611 -6.98584 -0.107058 
6.06504 -7.01211 -0.106925 
6.06427 -7.03839 -0.106799 
6.06381 -7.06467 -0.106679 
6.06365 -7.09095 -0.106567 
6.06378 -7.11723 -0.106461 
6.06422 -7.1435 -0.106362 
6.06494 -7.16976 -0.106269 
6.06595 -7.196 -0.106183 
6.06724 -7.22223 -0.106103 
6.06881 -7.24844 -0.10603 
6.07066 -7.27463 -0.105963 
6.07278 -7.3008 -0.105902 
6.07517 -7.32694 -0.105848 
6.07782 -7.35305 -0.105799 
6.08074 -7.37913 -0.105757 
6.08392 -7.40518 -0.105721 
6.08735 -7.4312 -0.10569 
6.09104 -7.45718 -0.105666 
6.09498 -7.48311 -0.105647 
6.09916 -7.50901 -0.105634 
6.10359 -7.53487 -0.105627 
6.10827 -7.56068 -0.105625 
6.11318 -7.58645 -0.105629 
6.11832 -7.61217 -0.105638 
6.1237 -7.63784 -0.105653 
6.12932 -7.66346 -0.105674 
6.13515 -7.68903 -0.105699 
6.14122 -7.71454 -0.10573 
6.14751 -7.74 -0.105767 
6.15402 -7.76541 -0.105808 
6.16074 -7.79075 -0.105855 
6.16768 -7.81604 -0.105906 
6.17484 -7.84127 -0.105963 
6.1822 -7.86644 -0.106025 
6.18978 -7.89155 -0.106092 
6.19756 -7.91659 -0.106164 
6.20555 -7.94157 -0.10624 
6.21373 -7.96648 -0.106322 
6.22212 -7.99133 -0.106408 
6.23071 -8.01611 -0.106499 
6.23949 -8.04082 -0.106594 
6.24846 -8.06546 -0.106695 
6.25763 -8.09004 -0.1068 
6.26698 -8.11454 -0.106909 
6.27653 -8.13897 -0.107023 
6.28626 -8.16333 -0.107142 
6.29617 -8.18761 -0.107265 
6.30627 -8.21183 -0.107392 
6.31654 -8.23596 -0.107524 
6.327 -8.26002 -0.10766 
6.33763 -8.28401 -0.1078 
6.34843 -8.30791 -0.107945 
6.35941 -8.33174 -0.108094 
6.37056 -8.3555 -0.108247 
6.38188 -8.37917 -0.108405 
6.39337 -8.40276 -0.108566 
6.40503 -8.42628 -0.108732 
6.41685 -8.44971 -0.108901 
6.42883 -8.47306 -0.109075 
6.44098 -8.49633 -0.109253 
6.45329 -8.51952 -0.109434 
6.46575 -8.54262 -0.10962 
6.47837 -8.56564 -0.109809 
6.49115 -8.58858 -0.110002 
6.50409 -8.61143 -0.1102 
6.51717 -8.63419 -0.110401 
6.53041 -8.65688 -0.110605 
6.5438 -8.67947 -0.110814 
6.55734 -8.70198 -0.111026 
6.57103 -8.7244 -0.111242 
6.58486 -8.74674 -0.111462 
6.59884 -8.76898 -0.111685 
6.61296 -8.79114 -0.111912 
6.62722 -8.81321 -0.112142 
6.64163 -8.83519 -0.112377 
6.65617 -8.85708 -0.112614 
6.67086 -8.87888 -0.112855 
6.68568 -8.90059 -0.1131 
6.70064 -8.92221 -0.113348 
6.71573 -8.94374 -0.113599 
6.73096 -8.96518 -0.113854 
6.74632 -8.98652 -0.114113 
6.76182 -9.00778 -0.114374 
6.77744 -9.02894 -0.114639 
6.79319 -9.05001 -0.114908 
6.80908 -9.07098 -0.115179 
6.82509 -9.09186 -0.115454 
6.84122 -9.11265 -0.115732 
6.85749 -9.13334 -0.116014 
6.87387 -9.15394 -0.116298 
6.89038 -9.17444 -0.116586 
6.90701 -9.19485 -0.116877 
6.92377 -9.21516 -0.117171 
6.94064 -9.23537 -0.117468 
6.95764 -9.25549 -0.117769 
6.97475 -9.27552 -0.118072 
6.99198 -9.29544 -0.118378 
7.00933 -9.31527 -0.118688 
7.02679 -9.335 -0.119 
7.04437 -9.35463 -0.119316 
7.06206 -9.37417 -0.119634 
7.07986 -9.39361 -0.119956 
7.09778 -9.41294 -0.12028 
7.11581 -9.43218 -0.120608 
7.13395 -9.45132 -0.120938 
7.15219 -9.47036 -0.121271 
7.17055 -9.4893 -0.121607 
7.18901 -9.50814 -0.121946 
7.20759 -9.52688 -0.122288 
7.22626 -9.54552 -0.122632 
7.24505 -9.56405 -0.12298 
7.26393 -9.58249 -0.12333 
7.28292 -9.60082 -0.123683 
7.30202 -9.61906 -0.124038 
7.32122 -9.63719 -0.124397 
7.34051 -9.65521 -0.124758 
7.35991 -9.67314 -0.125122 
7.37941 -9.69096 -0.125488 
7.39901 -9.70867 -0.125857 
7.4187 -9.72629 -0.126229 
7.4385 -9.7438 -0.126604 
7.45839 -9.7612 -0.126981 
7.47837 -9.7785 -0.127361 
7.49845 -9.7957 -0.127743 
7.51863 -9.81279 -0.128128 
7.5389 -9.82978 -0.128515 
7.55927 -9.84666 -0.128905 
7.57972 -9.86343 -0.129298 
7.60027 -9.8801 -0.129693 
7.62091 -9.89666 -0.13009 
7.64164 -9.91311 -0.130491 
7.66246 -9.92946 -0.130893 
7.68337 -9.9457 -0.131298 
7.70437 -9.96183 -0.131706 
7.72545 -9.97785 -0.132116 
7.74662 -9.99376 -0.132528 
7.76788 -10.0096 -0.132943 
7.78923 -10.0253 -0.13336 
7.81066 -10.0409 -0.133779 
7.83217 -10.0563 -0.134201 
7.85377 -10.0717 -0.134626 
7.87545 -10.087 -0.135052 
7.89722 -10.1021 -0.135481 
7.91907 -10.1171 -0.135912 
7.94099 -10.1321 -0.136346 
7.963 -10.1469 -0.136782 
7.98509 -10.1616 -0.13722 
8.00726 -10.1762 -0.13766 
8.02951 -10.1906 -0.138103 
8.05184 -10.205 -0.138548 
8.07424 -10.2193 -0.138995 
8.09672 -10.2334 -0.139445 
8.11928 -10.2474 -0.139896 
8.14191 -10.2613 -0.14035 
8.16462 -10.2751 -0.140806 
8.18741 -10.2888 -0.141264 
8.21026 -10.3024 -0.141724 
8.2332 -10.3158 -0.142187 
8.2562 -10.3292 -0.142651 
8.27928 -10.3424 -0.143118 
8.30243 -10.3555 -0.143587 
8.32565 -10.3685 -0.144058 
8.34894 -10.3813 -0.144531 
8.3723 -10.3941 -0.145006 
8.39573 -10.4067 -0.145483 
8.41923 -10.4192 -0.145962 
8.4428 -10.4316 -0.146444 
8.46644 -10.4439 -0.146927 
8.49014 -10.4561 -0.147412 
8.51391 -10.4681 -0.1479 
8.53775 -10.48 -0.148389 
8.56165 -10.4918 -0.14888 
8.58562 -10.5035 -0.149374 
8.60965 -10.515 -0.149869 
8.63374 -10.5265 -0.150366 
8.6579 -10.5378 -0.150865 
8.68212 -10.549 -0.151367 
8.70641 -10.56 -0.15187 
8.73075 -10.571 -0.152375 
8.75516 -10.5818 -0.152881 
8.77963 -10.5925 -0.15339 
8.80415 -10.603 -0.153901 
8.82874 -10.6135 -0.154413 
8.85339 -10.6238 -0.154928 
8.87809 -10.634 -0.155444 
8.90285 -10.6441 -0.155962 
8.92767 -10.654 -0.156482 
8.95255 -10.6638 -0.157004 
8.97748 -10.6735 -0.157527 
9.00247 -10.683 -0.158053 
9.02751 -10.6925 -0.15858 
9.0526 -10.7018 -0.159108 
9.07775 -10.7109 -0.159639 
9.10296 -10.72 -0.160171 
9.12821 -10.7289 -0.160706 
9.15352 -10.7376 -0.161241 
9.17888 -10.7463 -0.161779 
9.20429 -10.7548 -0.162318 
9.22975 -10.7632 -0.162859 
9.25526 -10.7714 -0.163402 
9.28082 -10.7795 -0.163946 
9.30643 -10.7875 -0.164492 
