-2.64732 -4.66593 0.0785686 
-2.62364 -4.67816 0.0780896 
-2.5999 -4.69027 0.0776087 
-2.57609 -4.70226 0.0771257 
-2.55221 -4.71413 0.0766408 
-2.52827 -4.72587 0.0761539 
-2.50427 -4.7375 0.0756651 
-2.48019 -4.74901 0.0751743 
-2.45606 -4.76039 0.0746816 
-2.43186 -4.77166 0.0741869 
-2.4076 -4.7828 0.0736904 
-2.38328 -4.79381 0.073192 
-2.3589 -4.8047 0.0726916 
-2.33445 -4.81547 0.0721895 
-2.30995 -4.82612 0.0716854 
-2.28539 -4.83664 0.0711795 
-2.26076 -4.84704 0.0706718 
-2.23608 -4.85731 0.0701622 
-2.21135 -4.86746 0.0696509 
-2.18655 -4.87748 0.0691377 
-2.1617 -4.88737 0.0686228 
-2.13679 -4.89714 0.0681061 
-2.11183 -4.90678 0.0675876 
-2.08681 -4.91629 0.0670673 
-2.06174 -4.92568 0.0665454 
-2.03661 -4.93494 0.0660217 
-2.01143 -4.94407 0.0654963 
-1.9862 -4.95307 0.0649691 
-1.96092 -4.96195 0.0644404 
-1.93559 -4.97069 0.0639099 
-1.9102 -4.97931 0.0633777 
-1.88477 -4.9878 0.062844 
-1.85929 -4.99615 0.0623085 
-1.83376 -5.00438 0.0617715 
-1.80818 -5.01247 0.0612329 
-1.78255 -5.02044 0.0606926 
-1.75688 -5.02827 0.0601508 
-1.73116 -5.03598 0.0596074 
-1.7054 -5.04355 0.0590624 
-1.67959 -5.05099 0.0585159 
-1.65374 -5.05829 0.0579679 
-1.62785 -5.06547 0.0574183 
-1.60191 -5.07251 0.0568672 
-1.57593 -5.07942 0.0563147 
-1.54991 -5.08619 0.0557606 
-1.52385 -5.09284 0.0552051 
-1.49774 -5.09934 0.0546482 
-1.4716 -5.10572 0.0540898 
-1.44542 -5.11196 0.05353 
-1.41921 -5.11806 0.0529688 
-1.39295 -5.12403 0.0524062 
-1.36666 -5.12987 0.0518422 
-1.34033 -5.13557 0.0512768 
-1.31397 -5.14113 0.0507101 
-1.28757 -5.14656 0.0501421 
-1.26114 -5.15185 0.0495727 
-1.23467 -5.15701 0.049002 
-1.20817 -5.16203 0.04843 
-1.18164 -5.16691 0.0478567 
-1.15508 -5.17166 0.0472822 
-1.12849 -5.17626 0.0467064 
-1.10186 -5.18074 0.0461294 
-1.07521 -5.18507 0.0455511 
-1.04853 -5.18926 0.0449716 
-1.02182 -5.19332 0.044391 
-0.99509 -5.19724 0.0438091 
-0.968328 -5.20102 0.0432261 
-0.94154 -5.20466 0.0426419 
-0.914727 -5.20817 0.0420566 
-0.88789 -5.21153 0.0414702 
-0.86103 -5.21476 0.0408826 
-0.834146 -5.21784 0.040294 
-0.807239 -5.22079 0.0397043 
-0.780312 -5.22359 0.0391135 
-0.753363 -5.22626 0.0385217 
-0.726394 -5.22878 0.0379289 
-0.699406 -5.23117 0.037335 
-0.672398 -5.23342 0.0367401 
-0.645373 -5.23552 0.0361442 
-0.618331 -5.23748 0.0355474 
-0.591271 -5.23931 0.0349496 
-0.564196 -5.24099 0.0343509 
-0.537106 -5.24253 0.0337512 
-0.510001 -5.24393 0.0331507 
-0.482882 -5.24518 0.0325492 
-0.455751 -5.2463 0.0319469 
-0.428607 -5.24727 0.0313437 
-0.401451 -5.2481 0.0307396 
-0.374285 -5.24879 0.0301347 
-0.347108 -5.24934 0.029529 
-0.319922 -5.24975 0.0289225 
-0.292727 -5.25001 0.0283152 
-0.265525 -5.25013 0.0277072 
-0.238315 -5.25011 0.0270984 
-0.211099 -5.24994 0.0264888 
-0.183877 -5.24963 0.0258785 
-0.15665 -5.24918 0.0252676 
-0.129418 -5.24859 0.0246559 
-0.102183 -5.24785 0.0240436 
-0.0749457 -5.24697 0.0234306 
-0.0477061 -5.24594 0.0228169 
-0.0204651 -5.24478 0.0222027 
0.0067764 -5.24346 0.0215878 
0.0340177 -5.24201 0.0209724 
0.0612581 -5.24041 0.0203563 
0.0884968 -5.23867 0.0197398 
0.115733 -5.23678 0.0191226 
0.142966 -5.23475 0.018505 
0.170195 -5.23258 0.0178868 
0.19742 -5.23026 0.0172682 
0.224639 -5.2278 0.016649 
0.251852 -5.22519 0.0160294 
0.279057 -5.22244 0.0154094 
0.306256 -5.21955 0.014789 
0.333445 -5.21651 0.0141681 
0.360626 -5.21332 0.0135468 
0.387796 -5.21 0.0129252 
0.414956 -5.20652 0.0123032 
0.442104 -5.20291 0.0116809 
0.46924 -5.19915 0.0110582 
0.496363 -5.19524 0.0104353 
0.523472 -5.19119 0.00981204 
0.550566 -5.187 0.00918852 
0.577646 -5.18266 0.00856474 
0.604709 -5.17818 0.00794073 
0.631755 -5.17356 0.00731649 
0.658783 -5.16879 0.00669205 
0.685794 -5.16387 0.00606743 
0.712785 -5.15881 0.00544263 
0.739756 -5.15361 0.00481768 
0.766706 -5.14826 0.0041926 
0.793635 -5.14277 0.0035674 
0.820541 -5.13713 0.0029421 
0.847425 -5.13135 0.00231672 
0.874285 -5.12543 0.00169128 
0.90112 -5.11936 0.00106578 
0.92793 -5.11315 0.000440262 
0.954714 -5.10679 -0.000185272 
0.98147 -5.10029 -0.000810801 
1.0082 -5.09365 -0.00143631 
1.0349 -5.08686 -0.00206177 
1.06157 -5.07993 -0.00268718 
1.08821 -5.07286 -0.00331251 
1.11482 -5.06564 -0.00393774 
1.1414 -5.05828 -0.00456287 
1.16795 -5.05078 -0.00518786 
1.19446 -5.04313 -0.00581271 
1.22094 -5.03534 -0.00643739 
1.24739 -5.0274 -0.00706189 
1.2738 -5.01933 -0.00768618 
1.30017 -5.01111 -0.00831026 
1.32651 -5.00275 -0.0089341 
1.3528 -4.99424 -0.00955769 
1.37906 -4.98559 -0.010181 
1.40529 -4.97681 -0.010804 
1.43147 -4.96787 -0.0114267 
1.4576 -4.9588 -0.0120491 
1.4837 -4.94959 -0.0126712 
1.50976 -4.94023 -0.0132928 
1.53577 -4.93073 -0.0139141 
1.56174 -4.92109 -0.014535 
1.58766 -4.91131 -0.0151555 
1.61354 -4.90139 -0.0157755 
1.63937 -4.89133 -0.0163951 
1.66515 -4.88112 -0.0170143 
1.69089 -4.87078 -0.0176329 
1.71657 -4.86029 -0.018251 
1.74221 -4.84967 -0.0188686 
1.7678 -4.8389 -0.0194856 
1.79334 -4.828 -0.0201021 
1.81882 -4.81695 -0.020718 
1.84425 -4.80577 -0.0213333 
1.86963 -4.79445 -0.021948 
1.89495 -4.78299 -0.022562 
1.92022 -4.77139 -0.0231754 
1.94543 -4.75965 -0.0237881 
1.97059 -4.74777 -0.0244002 
1.99569 -4.73576 -0.0250115 
2.02073 -4.7236 -0.0256221 
2.04571 -4.71131 -0.0262319 
2.07064 -4.69888 -0.026841 
2.0955 -4.68632 -0.0274492 
2.1203 -4.67362 -0.0280567 
2.14504 -4.66078 -0.0286634 
2.16971 -4.6478 -0.0292692 
2.19433 -4.63469 -0.0298742 
2.21887 -4.62145 -0.0304783 
2.24336 -4.60807 -0.0310815 
2.26777 -4.59455 -0.0316838 
2.29212 -4.5809 -0.0322851 
2.31641 -4.56711 -0.0328855 
2.34062 -4.55319 -0.0334849 
2.36477 -4.53913 -0.0340834 
2.38885 -4.52494 -0.0346808 
2.41285 -4.51062 -0.0352772 
2.43679 -4.49617 -0.0358726 
2.46065 -4.48158 -0.0364669 
2.48444 -4.46686 -0.0370602 
2.50815 -4.45201 -0.0376523 
2.5318 -4.43702 -0.0382433 
2.55536 -4.42191 -0.0388332 
2.57885 -4.40666 -0.039422 
2.60227 -4.39128 -0.0400095 
2.62561 -4.37577 -0.0405959 
2.64886 -4.36013 -0.0411811 
2.67204 -4.34437 -0.041765 
2.69515 -4.32847 -0.0423477 
2.71817 -4.31244 -0.0429291 
2.7411 -4.29629 -0.0435093 
2.76396 -4.28001 -0.0440882 
2.78674 -4.26359 -0.0446657 
2.80943 -4.24706 -0.0452419 
2.83203 -4.23039 -0.0458167 
2.85456 -4.2136 -0.0463902 
2.87699 -4.19668 -0.0469623 
2.89934 -4.17964 -0.0475329 
2.92161 -4.16247 -0.0481022 
2.94378 -4.14517 -0.04867 
2.96587 -4.12775 -0.0492363 
2.98787 -4.11021 -0.0498012 
3.00977 -4.09254 -0.0503645 
3.03159 -4.07475 -0.0509263 
3.05332 -4.05684 -0.0514866 
3.07495 -4.0388 -0.0520454 
3.09649 -4.02065 -0.0526025 
3.11794 -4.00237 -0.0531581 
3.13929 -3.98397 -0.053712 
3.16055 -3.96545 -0.0542644 
3.18171 -3.94681 -0.0548151 
3.20277 -3.92805 -0.0553641 
3.22374 -3.90917 -0.0559114 
3.24461 -3.89017 -0.0564571 
3.26538 -3.87105 -0.057001 
3.28605 -3.85182 -0.0575432 
3.30662 -3.83247 -0.0580836 
3.32709 -3.813 -0.0586223 
3.34746 -3.79342 -0.0591592 
3.36773 -3.77372 -0.0596942 
3.38789 -3.7539 -0.0602275 
3.40795 -3.73397 -0.0607589 
3.42791 -3.71393 -0.0612884 
3.44776 -3.69377 -0.0618161 
3.46751 -3.6735 -0.0623419 
3.48715 -3.65312 -0.0628657 
3.50668 -3.63262 -0.0633877 
3.5261 -3.61202 -0.0639077 
3.54542 -3.5913 -0.0644257 
3.56463 -3.57047 -0.0649417 
3.58372 -3.54954 -0.0654558 
3.60271 -3.52849 -0.0659678 
3.62159 -3.50734 -0.0664778 
3.64035 -3.48607 -0.0669857 
3.659 -3.4647 -0.0674916 
3.67754 -3.44322 -0.0679953 
3.69597 -3.42164 -0.068497 
3.71428 -3.39995 -0.0689966 
3.73247 -3.37816 -0.069494 
3.75055 -3.35626 -0.0699893 
3.76852 -3.33425 -0.0704824 
3.78637 -3.31215 -0.0709733 
3.80409 -3.28994 -0.071462 
3.82171 -3.26763 -0.0719485 
3.8392 -3.24521 -0.0724327 
3.85657 -3.2227 -0.0729147 
3.87382 -3.20009 -0.0733944 
3.89096 -3.17737 -0.0738719 
3.90797 -3.15456 -0.074347 
3.92485 -3.13165 -0.0748198 
3.94162 -3.10864 -0.0752903 
3.95826 -3.08554 -0.0757584 
3.97478 -3.06234 -0.0762241 
3.99118 -3.03904 -0.0766875 
4.00745 -3.01565 -0.0771485 
4.02359 -2.99216 -0.077607 
4.03961 -2.96858 -0.0780631 
4.0555 -2.94491 -0.0785168 
4.07127 -2.92114 -0.078968 
4.0869 -2.89728 -0.0794167 
4.10241 -2.87334 -0.0798629 
4.11779 -2.8493 -0.0803066 
4.13304 -2.82517 -0.0807478 
4.14816 -2.80095 -0.0811864 
4.16314 -2.77665 -0.0816225 
4.178 -2.75226 -0.0820559 
4.19273 -2.72778 -0.0824868 
4.20732 -2.70321 -0.0829151 
4.22178 -2.67856 -0.0833408 
4.2361 -2.65383 -0.0837639 
4.2503 -2.62901 -0.0841842 
4.26435 -2.60411 -0.084602 
4.27827 -2.57912 -0.085017 
4.29206 -2.55406 -0.0854293 
4.30571 -2.52891 -0.085839 
4.31923 -2.50369 -0.0862459 
4.3326 -2.47838 -0.0866501 
4.34584 -2.45299 -0.0870515 
4.35894 -2.42753 -0.0874501 
4.3719 -2.40199 -0.087846 
4.38473 -2.37638 -0.088239 
4.39741 -2.35069 -0.0886293 
4.40995 -2.32492 -0.0890167 
4.42235 -2.29908 -0.0894013 
4.43461 -2.27317 -0.089783 
4.44673 -2.24718 -0.0901619 
4.45871 -2.22112 -0.0905378 
4.47055 -2.195 -0.0909109 
4.48224 -2.1688 -0.0912811 
4.49379 -2.14253 -0.0916484 
4.50519 -2.1162 -0.0920127 
4.51645 -2.08979 -0.092374 
4.52756 -2.06332 -0.0927324 
4.53853 -2.03679 -0.0930879 
4.54936 -2.01018 -0.0934403 
4.56004 -1.98352 -0.0937897 
4.57057 -1.95679 -0.0941362 
4.58095 -1.93 -0.0944795 
4.59119 -1.90314 -0.0948199 
4.60128 -1.87623 -0.0951572 
4.61122 -1.84925 -0.0954914 
4.62101 -1.82222 -0.0958226 
4.63066 -1.79512 -0.0961507 
4.64015 -1.76797 -0.0964756 
4.64949 -1.74077 -0.0967975 
4.65869 -1.7135 -0.0971162 
4.66773 -1.68618 -0.0974318 
4.67662 -1.65881 -0.0977442 
4.68537 -1.63138 -0.0980535 
4.69396 -1.6039 -0.0983596 
4.70239 -1.57637 -0.0986625 
4.71068 -1.54879 -0.0989622 
4.71881 -1.52116 -0.0992587 
4.72679 -1.49348 -0.099552 
4.73462 -1.46575 -0.0998421 
4.74229 -1.43797 -0.100129 
4.74981 -1.41015 -0.100412 
4.75718 -1.38228 -0.100693 
4.76439 -1.35437 -0.10097 
4.77144 -1.32641 -0.101244 
4.77834 -1.29841 -0.101514 
4.78509 -1.27037 -0.101781 
4.79168 -1.24229 -0.102045 
4.79811 -1.21417 -0.102305 
4.80439 -1.186 -0.102563 
4.81051 -1.1578 -0.102817 
4.81647 -1.12956 -0.103067 
4.82228 -1.10129 -0.103314 
4.82792 -1.07298 -0.103558 
4.83342 -1.04463 -0.103798 
4.83875 -1.01625 -0.104035 
4.84392 -0.98784 -0.104269 
4.84894 -0.959395 -0.104499 
4.8538 -0.930919 -0.104726 
4.8585 -0.902414 -0.104949 
4.86304 -0.873878 -0.105169 
4.86742 -0.845315 -0.105385 
4.87164 -0.816724 -0.105598 
4.8757 -0.788106 -0.105808 
4.8796 -0.759463 -0.106014 
4.88335 -0.730795 -0.106216 
4.88693 -0.702104 -0.106415 
4.89035 -0.67339 -0.106611 
4.89361 -0.644654 -0.106803 
4.89671 -0.615897 -0.106992 
4.89965 -0.58712 -0.107177 
4.90243 -0.558324 -0.107358 
4.90505 -0.52951 -0.107536 
4.9075 -0.500678 -0.107711 
4.9098 -0.471831 -0.107882 
4.91193 -0.442968 -0.108049 
4.9139 -0.414091 -0.108213 
4.91571 -0.385201 -0.108373 
4.91736 -0.356298 -0.10853 
4.91884 -0.327384 -0.108683 
4.92017 -0.298459 -0.108833 
4.92133 -0.269524 -0.108979 
4.92233 -0.240581 -0.109121 
4.92316 -0.211631 -0.10926 
4.92384 -0.182674 -0.109395 
4.92435 -0.15371 -0.109526 
4.9247 -0.124743 -0.109654 
4.92488 -0.0957709 -0.109778 
4.92491 -0.0667964 -0.109899 
4.92477 -0.0378199 -0.110016 
4.92447 -0.00884243 -0.11013 
4.924 0.020135 -0.110239 
4.92338 0.0491115 -0.110345 
4.92259 0.0780861 -0.110448 
4.92163 0.107058 -0.110547 
4.92052 0.136026 -0.110642 
4.91924 0.164989 -0.110733 
4.9178 0.193946 -0.110821 
4.91619 0.222897 -0.110905 
4.91443 0.251839 -0.110986 
4.9125 0.280774 -0.111063 
4.91041 0.309698 -0.111136 
4.90815 0.338612 -0.111205 
4.90573 0.367515 -0.111271 
4.90315 0.396405 -0.111333 
4.90041 0.425281 -0.111391 
4.89751 0.454144 -0.111446 
4.89444 0.48299 -0.111497 
4.89121 0.511821 -0.111544 
4.88782 0.540634 -0.111588 
4.88426 0.569429 -0.111628 
4.88055 0.598205 -0.111664 
4.87667 0.62696 -0.111696 
4.87263 0.655694 -0.111725 
4.86843 0.684407 -0.11175 
4.86406 0.713096 -0.111771 
4.85954 0.741761 -0.111789 
4.85485 0.770401 -0.111803 
4.85 0.799016 -0.111813 
4.845 0.827603 -0.11182 
4.83983 0.856163 -0.111822 
4.8345 0.884693 -0.111821 
4.829 0.913194 -0.111817 
4.82335 0.941665 -0.111808 
4.81754 0.970104 -0.111796 
4.81157 0.99851 -0.11178 
4.80544 1.02688 -0.111761 
4.79915 1.05522 -0.111738 
4.7927 1.08352 -0.111711 
4.78609 1.11179 -0.11168 
4.77932 1.14002 -0.111646 
4.77239 1.16821 -0.111608 
4.7653 1.19636 -0.111566 
4.75806 1.22447 -0.11152 
4.75066 1.25254 -0.111471 
4.74309 1.28057 -0.111418 
4.73538 1.30856 -0.111361 
4.7275 1.3365 -0.111301 
4.71947 1.36439 -0.111237 
4.71128 1.39225 -0.111169 
4.70293 1.42005 -0.111098 
4.69443 1.44781 -0.111023 
4.68577 1.47552 -0.110944 
4.67695 1.50317 -0.110861 
4.66798 1.53078 -0.110775 
4.65886 1.55834 -0.110685 
4.64958 1.58584 -0.110592 
4.64014 1.6133 -0.110494 
4.63055 1.64069 -0.110393 
4.62081 1.66804 -0.110289 
4.61091 1.69532 -0.110181 
4.60086 1.72255 -0.110069 
4.59066 1.74973 -0.109953 
4.5803 1.77684 -0.109834 
4.5698 1.8039 -0.109711 
4.55914 1.83089 -0.109584 
4.54833 1.85782 -0.109454 
4.53737 1.88469 -0.10932 
4.52625 1.9115 -0.109183 
4.51499 1.93825 -0.109042 
4.50358 1.96493 -0.108897 
4.49202 1.99154 -0.108749 
4.48031 2.01809 -0.108597 
4.46845 2.04457 -0.108441 
4.45644 2.07098 -0.108282 
4.44428 2.09732 -0.108119 
4.43198 2.12359 -0.107953 
4.41953 2.14979 -0.107783 
4.40693 2.17592 -0.10761 
4.39419 2.20198 -0.107433 
4.3813 2.22796 -0.107252 
4.36826 2.25387 -0.107068 
4.35509 2.27971 -0.10688 
4.34176 2.30547 -0.106689 
4.32829 2.33115 -0.106494 
4.31468 2.35675 -0.106296 
4.30093 2.38228 -0.106094 
4.28704 2.40772 -0.105889 
4.273 2.43309 -0.10568 
4.25882 2.45837 -0.105467 
4.2445 2.48357 -0.105252 
4.23004 2.50869 -0.105032 
4.21544 2.53373 -0.104809 
4.2007 2.55868 -0.104583 
4.18582 2.58355 -0.104353 
4.1708 2.60833 -0.10412 
4.15565 2.63302 -0.103883 
4.14035 2.65763 -0.103643 
4.12493 2.68215 -0.1034 
4.10936 2.70658 -0.103153 
4.09366 2.73092 -0.102903 
4.07782 2.75517 -0.102649 
4.06185 2.77933 -0.102392 
4.04575 2.80339 -0.102131 
4.02951 2.82736 -0.101867 
4.01314 2.85124 -0.1016 
3.99664 2.87503 -0.10133 
3.98 2.89872 -0.101056 
3.96324 2.92231 -0.100778 
3.94634 2.94581 -0.100498 
3.92931 2.9692 -0.100214 
3.91216 2.99251 -0.0999267 
3.89487 3.01571 -0.0996363 
3.87746 3.03881 -0.0993425 
3.85992 3.06181 -0.0990455 
3.84225 3.08471 -0.0987452 
3.82446 3.10751 -0.0984417 
3.80654 3.1302 -0.0981349 
3.7885 3.1528 -0.097825 
3.77033 3.17528 -0.0975118 
3.75204 3.19767 -0.0971954 
3.73363 3.21995 -0.0968758 
3.71509 3.24212 -0.096553 
3.69643 3.26418 -0.0962271 
3.67765 3.28614 -0.095898 
3.65875 3.30799 -0.0955658 
3.63973 3.32973 -0.0952304 
3.62059 3.35136 -0.0948919 
3.60133 3.37288 -0.0945503 
3.58196 3.39429 -0.0942057 
3.56247 3.41559 -0.0938579 
3.54286 3.43678 -0.0935071 
3.52313 3.45785 -0.0931532 
3.50329 3.47881 -0.0927963 
3.48334 3.49966 -0.0924363 
3.46327 3.52039 -0.0920733 
3.44309 3.541 -0.0917074 
3.4228 3.5615 -0.0913384 
3.4024 3.58189 -0.0909665 
3.38188 3.60215 -0.0905915 
3.36126 3.6223 -0.0902137 
3.34053 3.64233 -0.0898329 
3.31968 3.66224 -0.0894492 
3.29873 3.68203 -0.0890626 
3.27768 3.7017 -0.088673 
3.25651 3.72125 -0.0882806 
3.23524 3.74068 -0.0878854 
3.21387 3.75998 -0.0874872 
3.19239 3.77917 -0.0870863 
3.17081 3.79823 -0.0866825 
3.14912 3.81716 -0.0862759 
3.12734 3.83598 -0.0858665 
3.10545 3.85466 -0.0854543 
3.08346 3.87323 -0.0850394 
3.06137 3.89166 -0.0846217 
3.03919 3.90997 -0.0842013 
3.0169 3.92816 -0.0837782 
2.99452 3.94621 -0.0833523 
2.97204 3.96414 -0.0829238 
2.94947 3.98194 -0.0824926 
2.9268 3.99961 -0.0820587 
2.90404 4.01715 -0.0816222 
2.88118 4.03456 -0.081183 
2.85823 4.05184 -0.0807413 
2.83519 4.06899 -0.0802969 
2.81206 4.08601 -0.0798499 
2.78883 4.10289 -0.0794004 
2.76552 4.11965 -0.0789484 
2.74212 4.13627 -0.0784938 
2.71863 4.15275 -0.0780367 
2.69506 4.16911 -0.0775771 
2.67139 4.18533 -0.077115 
2.64765 4.20141 -0.0766504 
2.62381 4.21736 -0.0761834 
2.5999 4.23317 -0.0757139 
2.5759 4.24885 -0.075242 
2.55182 4.26439 -0.0747677 
2.52766 4.27979 -0.074291 
2.50341 4.29506 -0.073812 
2.47909 4.31019 -0.0733306 
2.45469 4.32518 -0.0728469 
2.43021 4.34003 -0.0723608 
2.40565 4.35475 -0.0718724 
2.38102 4.36932 -0.0713818 
2.35631 4.38376 -0.0708889 
2.33152 4.39805 -0.0703937 
2.30667 4.41221 -0.0698963 
2.28174 4.42622 -0.0693966 
2.25673 4.44009 -0.0688948 
2.23166 4.45382 -0.0683908 
2.20651 4.46741 -0.0678846 
2.1813 4.48086 -0.0673763 
2.15602 4.49416 -0.0668658 
2.13066 4.50733 -0.0663533 
2.10525 4.52034 -0.0658386 
2.07976 4.53322 -0.0653218 
2.05421 4.54595 -0.064803 
2.02859 4.55854 -0.0642822 
2.00292 4.57098 -0.0637593 
1.97717 4.58328 -0.0632344 
1.95137 4.59543 -0.0627075 
1.9255 4.60744 -0.0621787 
1.89958 4.6193 -0.0616479 
1.87359 4.63102 -0.0611151 
1.84755 4.64259 -0.0605805 
1.82145 4.65401 -0.0600439 
1.79529 4.66529 -0.0595055 
1.76908 4.67642 -0.0589652 
1.74281 4.6874 -0.0584231 
1.71648 4.69824 -0.0578791 
1.69011 4.70893 -0.0573333 
1.66367 4.71947 -0.0567857 
1.63719 4.72986 -0.0562364 
1.61066 4.7401 -0.0556853 
1.58408 4.7502 -0.0551325 
1.55745 4.76015 -0.0545779 
1.53077 4.76994 -0.0540217 
1.50404 4.77959 -0.0534638 
1.47726 4.78909 -0.0529042 
1.45044 4.79844 -0.0523429 
1.42358 4.80764 -0.0517801 
1.39667 4.81669 -0.0512156 
1.36972 4.82559 -0.0506496 
1.34273 4.83434 -0.050082 
1.31569 4.84294 -0.0495128 
1.28861 4.85139 -0.0489422 
1.2615 4.85968 -0.04837 
1.23435 4.86783 -0.0477963 
1.20715 4.87583 -0.0472211 
1.17992 4.88367 -0.0466445 
1.15266 4.89136 -0.0460664 
1.12536 4.89891 -0.045487 
1.09802 4.9063 -0.0449061 
1.07066 4.91353 -0.0443239 
1.04326 4.92062 -0.0437403 
1.01582 4.92756 -0.0431553 
0.98836 4.93434 -0.042569 
0.960866 4.94097 -0.0419815 
0.933344 4.94745 -0.0413926 
0.905793 4.95378 -0.0408025 
0.878214 4.95995 -0.0402112 
0.850609 4.96597 -0.0396186 
0.822978 4.97184 -0.0390248 
0.795323 4.97756 -0.0384298 
0.767643 4.98312 -0.0378336 
0.739941 4.98853 -0.0372363 
0.712216 4.99379 -0.0366379 
0.68447 4.9989 -0.0360384 
0.656703 5.00385 -0.0354377 
0.628916 5.00865 -0.034836 
0.601111 5.0133 -0.0342332 
0.573288 5.01779 -0.0336294 
0.545448 5.02214 -0.0330246 
0.517591 5.02633 -0.0324188 
0.489719 5.03036 -0.031812 
0.461833 5.03424 -0.0312043 
0.433933 5.03797 -0.0305956 
0.40602 5.04155 -0.029986 
0.378096 5.04498 -0.0293755 
0.35016 5.04825 -0.0287641 
0.322214 5.05137 -0.0281518 
0.294259 5.05433 -0.0275387 
0.266295 5.05715 -0.0269248 
0.238323 5.05981 -0.0263101 
0.210345 5.06231 -0.0256946 
0.182361 5.06467 -0.0250783 
0.154371 5.06687 -0.0244613 
0.126378 5.06892 -0.0238435 
0.0983804 5.07082 -0.0232251 
0.0703806 5.07256 -0.0226059 
0.0423792 5.07415 -0.0219861 
0.0143768 5.07559 -0.0213656 
-0.0136257 5.07688 -0.0207445 
-0.0416274 5.07802 -0.0201228 
-0.0696274 5.079 -0.0195005 
-0.0976251 5.07983 -0.0188776 
-0.125619 5.08051 -0.0182541 
-0.15361 5.08104 -0.0176301 
-0.181595 5.08142 -0.0170056 
-0.209575 5.08164 -0.0163806 
-0.237547 5.08171 -0.0157552 
-0.265513 5.08163 -0.0151292 
-0.29347 5.08141 -0.0145028 
-0.321418 5.08103 -0.013876 
-0.349357 5.08049 -0.0132488 
-0.377284 5.07981 -0.0126212 
-0.4052 5.07898 -0.0119932 
-0.433104 5.078 -0.0113649 
-0.460995 5.07686 -0.0107363 
-0.488871 5.07558 -0.0101073 
-0.516733 5.07414 -0.00947809 
-0.544579 5.07256 -0.00884857 
-0.572409 5.07083 -0.0082188 
-0.600222 5.06894 -0.00758879 
-0.628016 5.06691 -0.00695857 
-0.655792 5.06473 -0.00632815 
-0.683548 5.0624 -0.00569756 
-0.711284 5.05992 -0.0050668 
-0.738999 5.05729 -0.0044359 
-0.766691 5.05452 -0.00380488 
-0.794361 5.05159 -0.00317375 
-0.822007 5.04852 -0.00254253 
-0.849629 5.0453 -0.00191125 
-0.877225 5.04193 -0.00127992 
-0.904796 5.03842 -0.000648565 
-0.93234 5.03475 -1.7193e-05 
-0.959856 5.03095 0.000614172 
-0.987345 5.02699 0.00124551 
-1.0148 5.02289 0.00187681 
-1.04223 5.01864 0.00250805 
-1.06963 5.01424 0.0031392 
-1.097 5.0097 0.00377026 
-1.12433 5.00502 0.0044012 
-1.15164 5.00019 0.00503201 
-1.1789 4.99521 0.00566267 
-1.20614 4.99009 0.00629315 
-1.23334 4.98483 0.00692345 
-1.2605 4.97942 0.00755354 
-1.28763 4.97387 0.0081834 
-1.31472 4.96817 0.00881303 
-1.34177 4.96233 0.00944239 
-1.36878 4.95635 0.0100715 
-1.39575 4.95022 0.0107003 
-1.42268 4.94396 0.0113287 
-1.44957 4.93755 0.0119569 
-1.47642 4.93099 0.0125847 
-1.50323 4.9243 0.0132121 
-1.52999 4.91747 0.0138391 
-1.55671 4.91049 0.0144658 
-1.58338 4.90338 0.015092 
-1.61001 4.89612 0.0157178 
-1.63659 4.88872 0.0163431 
-1.66312 4.88119 0.0169679 
-1.68961 4.87351 0.0175923 
-1.71605 4.8657 0.0182161 
-1.74244 4.85775 0.0188395 
-1.76878 4.84966 0.0194623 
-1.79507 4.84143 0.0200845 
-1.8213 4.83306 0.0207061 
-1.84749 4.82456 0.0213272 
-1.87362 4.81592 0.0219476 
-1.8997 4.80714 0.0225675 
-1.92573 4.79823 0.0231866 
-1.9517 4.78918 0.0238052 
-1.97761 4.77999 0.024423 
-2.00347 4.77067 0.0250401 
-2.02928 4.76122 0.0256565 
-2.05502 4.75163 0.0262722 
-2.08071 4.74191 0.0268872 
-2.10633 4.73205 0.0275014 
-2.1319 4.72206 0.0281148 
-2.15741 4.71194 0.0287274 
-2.18286 4.70168 0.0293392 
-2.20824 4.6913 0.0299502 
-2.23357 4.68078 0.0305603 
-2.25883 4.67013 0.0311696 
-2.28403 4.65935 0.031778 
-2.30916 4.64844 0.0323854 
-2.33423 4.6374 0.032992 
-2.35923 4.62623 0.0335977 
-2.38417 4.61493 0.0342024 
-2.40904 4.6035 0.0348062 
-2.43384 4.59194 0.0354089 
-2.45858 4.58026 0.0360107 
-2.48324 4.56845 0.0366115 
-2.50784 4.55651 0.0372113 
-2.53237 4.54444 0.03781 
-2.55682 4.53225 0.0384076 
-2.58121 4.51993 0.0390042 
-2.60552 4.50749 0.0395997 
-2.62976 4.49492 0.0401942 
-2.65393 4.48223 0.0407874 
-2.67802 4.46941 0.0413796 
-2.70205 4.45647 0.0419706 
-2.72599 4.44341 0.0425605 
-2.74986 4.43022 0.0431491 
-2.77366 4.41692 0.0437366 
-2.79737 4.40349 0.0443229 
-2.82101 4.38994 0.0449079 
-2.84458 4.37627 0.0454917 
-2.86806 4.36247 0.0460743 
-2.89147 4.34856 0.0466556 
-2.91479 4.33453 0.0472356 
-2.93804 4.32038 0.0478143 
-2.9612 4.30611 0.0483916 
-2.98429 4.29173 0.0489677 
-3.00729 4.27722 0.0495424 
-3.03021 4.2626 0.0501158 
-3.05304 4.24787 0.0506877 
-3.0758 4.23301 0.0512583 
-3.09847 4.21804 0.0518275 
-3.12105 4.20296 0.0523953 
-3.14355 4.18776 0.0529617 
-3.16596 4.17245 0.0535266 
-3.18829 4.15703 0.05409 
-3.21053 4.14149 0.054652 
-3.23269 4.12584 0.0552125 
-3.25475 4.11007 0.0557714 
-3.27673 4.0942 0.0563289 
-3.29862 4.07821 0.0568848 
-3.32042 4.06212 0.0574392 
-3.34212 4.04591 0.0579921 
-3.36374 4.0296 0.0585433 
-3.38527 4.01317 0.059093 
-3.40671 3.99664 0.0596411 
-3.42805 3.98 0.0601876 
-3.4493 3.96325 0.0607324 
-3.47046 3.9464 0.0612756 
-3.49152 3.92944 0.0618172 
-3.51249 3.91237 0.0623571 
-3.53337 3.8952 0.0628953 
-3.55415 3.87793 0.0634318 
-3.57484 3.86054 0.0639666 
-3.59543 3.84306 0.0644997 
-3.61592 3.82547 0.0650311 
-3.63632 3.80778 0.0655607 
-3.65661 3.78999 0.0660886 
-3.67682 3.7721 0.0666147 
-3.69692 3.75411 0.067139 
-3.71692 3.73601 0.0676615 
-3.73683 3.71782 0.0681822 
-3.75663 3.69953 0.0687011 
-3.77633 3.68114 0.0692182 
-3.79594 3.66265 0.0697334 
-3.81544 3.64406 0.0702468 
-3.83484 3.62538 0.0707583 
-3.85414 3.60659 0.0712679 
-3.87334 3.58772 0.0717756 
-3.89243 3.56875 0.0722814 
-3.91142 3.54968 0.0727853 
-3.93031 3.53052 0.0732872 
-3.94909 3.51127 0.0737872 
-3.96777 3.49192 0.0742853 
-3.98634 3.47248 0.0747814 
-4.00481 3.45295 0.0752755 
-4.02317 3.43333 0.0757676 
-4.04143 3.41361 0.0762578 
-4.05958 3.39381 0.0767459 
-4.07762 3.37392 0.077232 
-4.09555 3.35394 0.077716 
-4.11338 3.33387 0.078198 
-4.1311 3.31371 0.078678 
-4.14871 3.29346 0.0791558 
-4.16621 3.27313 0.0796316 
-4.1836 3.25271 0.0801053 
-4.20088 3.23221 0.0805769 
-4.21805 3.21162 0.0810464 
-4.23511 3.19095 0.0815138 
-4.25206 3.17019 0.081979 
-4.2689 3.14935 0.0824421 
-4.28562 3.12843 0.082903 
-4.30224 3.10743 0.0833618 
-4.31874 3.08635 0.0838183 
-4.33513 3.06518 0.0842727 
-4.3514 3.04393 0.0847249 
-4.36756 3.02261 0.0851749 
-4.38361 3.00121 0.0856227 
-4.39955 2.97972 0.0860682 
-4.41537 2.95816 0.0865115 
-4.43107 2.93653 0.0869525 
-4.44666 2.91481 0.0873913 
-4.46213 2.89303 0.0878278 
-4.47749 2.87116 0.088262 
-4.49273 2.84922 0.088694 
-4.50786 2.82721 0.0891236 
-4.52287 2.80512 0.0895509 
-4.53776 2.78296 0.0899759 
-4.55253 2.76073 0.0903986 
-4.56719 2.73843 0.0908189 
-4.58173 2.71606 0.0912369 
-4.59615 2.69361 0.0916525 
-4.61045 2.6711 0.0920658 
-4.62463 2.64852 0.0924767 
-4.63869 2.62587 0.0928852 
-4.65263 2.60315 0.0932913 
-4.66646 2.58036 0.093695 
-4.68016 2.55751 0.0940963 
-4.69374 2.53459 0.0944952 
-4.7072 2.5116 0.0948916 
-4.72054 2.48856 0.0952856 
-4.73376 2.46544 0.0956771 
-4.74686 2.44227 0.0960662 
-4.75983 2.41903 0.0964529 
-4.77269 2.39573 0.096837 
-4.78542 2.37236 0.0972187 
-4.79803 2.34894 0.0975979 
-4.81051 2.32545 0.0979746 
-4.82288 2.30191 0.0983487 
-4.83512 2.27831 0.0987204 
-4.84723 2.25465 0.0990895 
-4.85922 2.23093 0.0994561 
-4.87109 2.20715 0.0998202 
-4.88283 2.18332 0.100182 
-4.89445 2.15943 0.100541 
-4.90594 2.13548 0.100897 
-4.91731 2.11149 0.101251 
-4.92856 2.08743 0.101602 
-4.93967 2.06333 0.101951 
-4.95067 2.03917 0.102297 
-4.96153 2.01496 0.10264 
-4.97227 1.9907 0.102981 
-4.98289 1.96638 0.103319 
-4.99337 1.94202 0.103655 
-5.00373 1.91761 0.103988 
-5.01397 1.89315 0.104318 
-5.02407 1.86864 0.104646 
-5.03405 1.84408 0.104971 
-5.0439 1.81947 0.105293 
-5.05362 1.79482 0.105613 
-5.06322 1.77013 0.10593 
-5.07269 1.74539 0.106245 
-5.08203 1.7206 0.106556 
-5.09124 1.69577 0.106865 
-5.10032 1.6709 0.107172 
-5.10927 1.64598 0.107475 
-5.1181 1.62103 0.107776 
-5.12679 1.59603 0.108074 
-5.13536 1.57099 0.10837 
-5.14379 1.54591 0.108662 
-5.1521 1.5208 0.108952 
-5.16027 1.49564 0.109239 
-5.16832 1.47045 0.109524 
-5.17624 1.44522 0.109806 
-5.18402 1.41995 0.110085 
-5.19168 1.39464 0.110361 
-5.19921 1.36931 0.110634 
-5.2066 1.34393 0.110905 
-5.21386 1.31852 0.111173 
-5.221 1.29308 0.111438 
-5.228 1.26761 0.1117 
-5.23487 1.2421 0.111959 
-5.24161 1.21657 0.112216 
-5.24822 1.191 0.11247 
-5.25469 1.1654 0.112721 
-5.26104 1.13977 0.112969 
-5.26725 1.11412 0.113214 
-5.27333 1.08843 0.113457 
-5.27928 1.06272 0.113697 
-5.2851 1.03698 0.113934 
-5.29079 1.01122 0.114168 
-5.29634 0.985426 0.114399 
-5.30176 0.959611 0.114627 
-5.30705 0.933771 0.114852 
-5.3122 0.907907 0.115075 
-5.31723 0.882021 0.115295 
-5.32212 0.856112 0.115512 
-5.32688 0.830182 0.115726 
-5.3315 0.804231 0.115937 
-5.33599 0.778259 0.116145 
-5.34035 0.752268 0.11635 
-5.34458 0.726257 0.116552 
-5.34867 0.700229 0.116752 
-5.35263 0.674182 0.116948 
-5.35646 0.648118 0.117142 
-5.36015 0.622038 0.117333 
-5.36371 0.595942 0.117521 
-5.36714 0.569831 0.117706 
-5.37043 0.543706 0.117888 
-5.37359 0.517567 0.118067 
-5.37662 0.491414 0.118243 
-5.37951 0.465249 0.118416 
-5.38227 0.439072 0.118586 
-5.3849 0.412884 0.118754 
-5.38739 0.386685 0.118918 
-5.38975 0.360476 0.119079 
-5.39198 0.334258 0.119238 
-5.39407 0.308032 0.119393 
-5.39603 0.281797 0.119546 
-5.39785 0.255555 0.119696 
-5.39954 0.229307 0.119842 
-5.4011 0.203052 0.119986 
-5.40252 0.176792 0.120127 
-5.40381 0.150527 0.120264 
-5.40496 0.124258 0.120399 
-5.40599 0.0979858 0.120531 
-5.40687 0.0717107 0.12066 
-5.40763 0.0454334 0.120786 
-5.40825 0.0191547 0.120908 
-5.40874 -0.00712497 0.121028 
-5.40909 -0.0334048 0.121145 
-5.40931 -0.0596842 0.121259 
-5.4094 -0.0859625 0.12137 
-5.40935 -0.112239 0.121478 
-5.40917 -0.138513 0.121583 
-5.40885 -0.164784 0.121685 
-5.40841 -0.191052 0.121783 
-5.40783 -0.217315 0.121879 
-5.40711 -0.243573 0.121972 
-5.40626 -0.269826 0.122062 
-5.40528 -0.296072 0.122149 
-5.40417 -0.322312 0.122233 
-5.40292 -0.348544 0.122314 
-5.40154 -0.374767 0.122391 
-5.40002 -0.400982 0.122466 
-5.39838 -0.427188 0.122538 
-5.3966 -0.453383 0.122607 
-5.39468 -0.479568 0.122673 
-5.39264 -0.505741 0.122735 
-5.39046 -0.531902 0.122795 
-5.38815 -0.558051 0.122852 
-5.3857 -0.584186 0.122905 
-5.38312 -0.610308 0.122956 
-5.38042 -0.636414 0.123004 
-5.37757 -0.662506 0.123048 
-5.3746 -0.688581 0.12309 
-5.37149 -0.714641 0.123128 
-5.36826 -0.740683 0.123164 
-5.36488 -0.766707 0.123196 
-5.36138 -0.792713 0.123226 
-5.35775 -0.8187 0.123252 
-5.35398 -0.844667 0.123276 
-5.35008 -0.870614 0.123296 
-5.34606 -0.89654 0.123314 
-5.3419 -0.922444 0.123328 
-5.3376 -0.948326 0.123339 
-5.33318 -0.974186 0.123347 
-5.32863 -1.00002 0.123353 
