-2.64732 -4.66593 0.0785686 
-2.62364 -4.67816 0.0780896 
-2.5999 -4.69027 0.0776087 
-2.57609 -4.70226 0.0771257 
-2.55221 -4.71413 0.0766408 
-2.52827 -4.72587 0.0761539 
-2.50427 -4.7375 0.0756651 
-2.48019 -4.74901 0.0751743 
-2.45606 -4.76039 0.0746816 
-2.43186 -4.77166 0.0741869 
-2.4076 -4.7828 0.0736904 
-2.38328 -4.79381 0.073192 
-2.3589 -4.8047 0.0726916 
-2.33445 -4.81547 0.0721895 
-2.30995 -4.82612 0.0716854 
-2.28539 -4.83664 0.0711795 
-2.26076 -4.84704 0.0706718 
-2.23608 -4.85731 0.0701622 
-2.21135 -4.86746 0.0696509 
-2.18655 -4.87748 0.0691377 
-2.1617 -4.88737 0.0686228 
-2.13679 -4.89714 0.068106 
-2.11183 -4.90678 0.0675876 
-2.08681 -4.91629 0.0670673 
-2.06174 -4.92568 0.0665454 
-2.03661 -4.93494 0.0660217 
-2.01143 -4.94407 0.0654962 
-1.9862 -4.95307 0.0649691 
-1.96092 -4.96195 0.0644403 
-1.93559 -4.97069 0.0639099 
-1.9102 -4.97931 0.0633777 
-1.88477 -4.98779 0.0628439 
-1.85929 -4.99615 0.0623085 
-1.83376 -5.00438 0.0617715 
-1.80818 -5.01247 0.0612328 
-1.78255 -5.02044 0.0606926 
-1.75688 -5.02827 0.0601507 
-1.73116 -5.03597 0.0596073 
-1.7054 -5.04354 0.0590623 
-1.67959 -5.05098 0.0585158 
-1.65374 -5.05829 0.0579678 
-1.62784 -5.06546 0.0574182 
-1.60191 -5.0725 0.0568671 
-1.57593 -5.07941 0.0563146 
-1.5499 -5.08618 0.0557605 
-1.52384 -5.09283 0.055205 
-1.49774 -5.09933 0.0546481 
-1.4716 -5.10571 0.0540897 
-1.44542 -5.11194 0.0535299 
-1.4192 -5.11805 0.0529686 
-1.39294 -5.12402 0.052406 
-1.36665 -5.12985 0.051842 
-1.34032 -5.13555 0.0512766 
-1.31396 -5.14111 0.0507099 
-1.28756 -5.14654 0.0501418 
-1.26113 -5.15183 0.0495724 
-1.23466 -5.15698 0.0490017 
-1.20816 -5.162 0.0484297 
-1.18163 -5.16688 0.0478564 
-1.15507 -5.17163 0.0472819 
-1.12848 -5.17623 0.0467061 
-1.10186 -5.1807 0.046129 
-1.0752 -5.18503 0.0455507 
-1.04852 -5.18923 0.0449712 
-1.02181 -5.19328 0.0443905 
-0.995078 -5.1972 0.0438087 
-0.968316 -5.20097 0.0432256 
-0.941528 -5.20461 0.0426414 
-0.914714 -5.20811 0.0420561 
-0.887877 -5.21147 0.0414696 
-0.861015 -5.2147 0.0408821 
-0.834131 -5.21778 0.0402934 
-0.807224 -5.22072 0.0397037 
-0.780296 -5.22352 0.0391129 
-0.753346 -5.22618 0.038521 
-0.726377 -5.22871 0.0379281 
-0.699388 -5.23109 0.0373342 
-0.67238 -5.23333 0.0367393 
-0.645354 -5.23543 0.0361434 
-0.618311 -5.23739 0.0355466 
-0.591251 -5.2392 0.0349487 
-0.564175 -5.24088 0.03435 
-0.537084 -5.24241 0.0337503 
-0.509979 -5.24381 0.0331497 
-0.48286 -5.24506 0.0325482 
-0.455727 -5.24617 0.0319458 
-0.428583 -5.24713 0.0313425 
-0.401427 -5.24796 0.0307385 
-0.37426 -5.24864 0.0301335 
-0.347083 -5.24918 0.0295278 
-0.319896 -5.24958 0.0289212 
-0.292701 -5.24983 0.0283139 
-0.265498 -5.24995 0.0277058 
-0.238288 -5.24992 0.027097 
-0.211071 -5.24974 0.0264874 
-0.183849 -5.24942 0.0258771 
-0.156622 -5.24896 0.025266 
-0.12939 -5.24836 0.0246543 
-0.102155 -5.24761 0.024042 
-0.0749172 -5.24672 0.0234289 
-0.0476774 -5.24569 0.0228152 
-0.0204363 -5.24451 0.0222009 
0.00680519 -5.24319 0.021586 
0.0340465 -5.24172 0.0209705 
0.0612867 -5.24011 0.0203545 
0.0885253 -5.23835 0.0197378 
0.115761 -5.23646 0.0191207 
0.142994 -5.23441 0.018503 
0.170223 -5.23223 0.0178847 
0.197447 -5.22989 0.017266 
0.224665 -5.22742 0.0166469 
0.251877 -5.2248 0.0160272 
0.279082 -5.22203 0.0154072 
0.30628 -5.21912 0.0147867 
0.333468 -5.21607 0.0141658 
0.360648 -5.21287 0.0135445 
0.387817 -5.20953 0.0129228 
0.414976 -5.20604 0.0123008 
0.442122 -5.2024 0.0116784 
0.469257 -5.19863 0.0110557 
0.496378 -5.1947 0.0104327 
0.523485 -5.19064 0.00980943 
0.550578 -5.18643 0.00918587 
0.577655 -5.18207 0.00856206 
0.604716 -5.17757 0.00793802 
0.631759 -5.17292 0.00731375 
0.658785 -5.16813 0.00668929 
0.685793 -5.16319 0.00606463 
0.712781 -5.15811 0.00543981 
0.739749 -5.15289 0.00481484 
0.766696 -5.14752 0.00418974 
0.793621 -5.142 0.00356453 
0.820524 -5.13634 0.00293921 
0.847403 -5.13054 0.00231382 
0.874259 -5.12459 0.00168837 
0.90109 -5.11849 0.00106287 
0.927895 -5.11226 0.000437341 
0.954674 -5.10587 -0.000188193 
0.981425 -5.09935 -0.000813719 
1.00815 -5.09268 -0.00143922 
1.03484 -5.08586 -0.00206467 
1.06151 -5.0789 -0.00269006 
1.08814 -5.0718 -0.00331538 
1.11475 -5.06455 -0.00394059 
1.14132 -5.05716 -0.00456569 
1.16786 -5.04962 -0.00519065 
1.19437 -5.04194 -0.00581546 
1.22084 -5.03412 -0.0064401 
1.24728 -5.02615 -0.00706456 
1.27368 -5.01804 -0.0076888 
1.30004 -5.00979 -0.00831282 
1.32637 -5.00139 -0.0089366 
1.35266 -4.99285 -0.00956012 
1.37891 -4.98417 -0.0101834 
1.40512 -4.97534 -0.0108063 
1.43129 -4.96637 -0.0114289 
1.45741 -4.95726 -0.0120512 
1.4835 -4.948 -0.0126732 
1.50954 -4.93861 -0.0132947 
1.53554 -4.92907 -0.0139159 
1.5615 -4.91939 -0.0145367 
1.58741 -4.90956 -0.015157 
1.61327 -4.8996 -0.0157769 
1.63908 -4.88949 -0.0163964 
1.66485 -4.87925 -0.0170154 
1.69057 -4.86886 -0.0176338 
1.71624 -4.85833 -0.0182518 
1.74187 -4.84765 -0.0188692 
1.76744 -4.83684 -0.019486 
1.79295 -4.82589 -0.0201023 
1.81842 -4.8148 -0.020718 
1.84383 -4.80356 -0.0213331 
1.86919 -4.79219 -0.0219475 
1.89449 -4.78068 -0.0225613 
1.91974 -4.76902 -0.0231745 
1.94493 -4.75723 -0.0237869 
1.97007 -4.7453 -0.0243987 
1.99514 -4.73323 -0.0250097 
2.02016 -4.72102 -0.02562 
2.04512 -4.70868 -0.0262295 
2.07002 -4.69619 -0.0268383 
2.09485 -4.68357 -0.0274462 
2.11963 -4.67081 -0.0280533 
2.14434 -4.65791 -0.0286596 
2.16899 -4.64487 -0.0292651 
2.19357 -4.6317 -0.0298697 
2.21809 -4.61839 -0.0304733 
2.24254 -4.60495 -0.0310761 
2.26693 -4.59137 -0.031678 
2.29124 -4.57765 -0.0322788 
2.31549 -4.5638 -0.0328788 
2.33967 -4.54981 -0.0334777 
2.36379 -4.53569 -0.0340757 
2.38783 -4.52143 -0.0346726 
2.41179 -4.50704 -0.0352685 
2.43569 -4.49251 -0.0358633 
2.45951 -4.47785 -0.036457 
2.48326 -4.46306 -0.0370497 
2.50694 -4.44814 -0.0376412 
2.53054 -4.43308 -0.0382316 
2.55406 -4.41789 -0.0388208 
2.57751 -4.40257 -0.0394089 
2.60088 -4.38711 -0.0399958 
2.62417 -4.37153 -0.0405814 
2.64738 -4.35581 -0.0411658 
2.67051 -4.33996 -0.041749 
2.69356 -4.32399 -0.0423309 
2.71653 -4.30788 -0.0429116 
2.73942 -4.29164 -0.0434909 
2.76222 -4.27528 -0.0440689 
2.78494 -4.25878 -0.0446456 
2.80758 -4.24216 -0.0452209 
2.83013 -4.22541 -0.0457948 
2.85259 -4.20853 -0.0463673 
2.87497 -4.19152 -0.0469384 
2.89726 -4.17439 -0.0475081 
2.91946 -4.15713 -0.0480763 
2.94157 -4.13975 -0.048643 
2.96359 -4.12224 -0.0492083 
2.98553 -4.1046 -0.049772 
3.00736 -4.08684 -0.0503342 
3.02911 -4.06896 -0.0508949 
3.05077 -4.05095 -0.051454 
3.07233 -4.03282 -0.0520115 
3.09379 -4.01457 -0.0525674 
3.11516 -3.99619 -0.0531216 
3.13644 -3.97769 -0.0536743 
3.15762 -3.95908 -0.0542253 
3.1787 -3.94034 -0.0547746 
3.19968 -3.92147 -0.0553222 
3.22056 -3.90249 -0.0558681 
3.24135 -3.88339 -0.0564122 
3.26203 -3.86417 -0.0569546 
3.28261 -3.84484 -0.0574953 
3.3031 -3.82538 -0.0580341 
3.32347 -3.80581 -0.0585711 
3.34375 -3.78611 -0.0591063 
3.36392 -3.76631 -0.0596397 
3.38399 -3.74638 -0.0601712 
3.40395 -3.72635 -0.0607008 
3.4238 -3.70619 -0.0612286 
3.44355 -3.68592 -0.0617544 
3.46319 -3.66554 -0.0622783 
3.48272 -3.64505 -0.0628002 
3.50214 -3.62444 -0.0633201 
3.52146 -3.60372 -0.0638381 
3.54066 -3.58289 -0.0643541 
3.55975 -3.56194 -0.064868 
3.57873 -3.54089 -0.0653799 
3.5976 -3.51973 -0.0658897 
3.61635 -3.49845 -0.0663975 
3.63499 -3.47707 -0.0669031 
3.65352 -3.45558 -0.0674067 
3.67193 -3.43399 -0.0679081 
3.69022 -3.41228 -0.0684073 
3.7084 -3.39047 -0.0689044 
3.72646 -3.36855 -0.0693993 
3.74441 -3.34653 -0.069892 
3.76223 -3.32441 -0.0703825 
3.77993 -3.30218 -0.0708708 
3.79752 -3.27984 -0.0713568 
3.81498 -3.25741 -0.0718405 
3.83233 -3.23487 -0.0723219 
3.84955 -3.21223 -0.072801 
3.86665 -3.18949 -0.0732778 
3.88362 -3.16665 -0.0737523 
3.90047 -3.14371 -0.0742244 
3.9172 -3.12067 -0.0746941 
3.9338 -3.09753 -0.0751615 
3.95028 -3.0743 -0.0756264 
3.96663 -3.05096 -0.0760889 
3.98285 -3.02754 -0.076549 
3.99895 -3.00401 -0.0770066 
4.01492 -2.9804 -0.0774617 
4.03075 -2.95668 -0.0779143 
4.04646 -2.93288 -0.0783644 
4.06204 -2.90898 -0.078812 
4.07749 -2.88499 -0.0792571 
4.09281 -2.86091 -0.0796996 
4.10799 -2.83674 -0.0801395 
4.12304 -2.81248 -0.0805768 
4.13796 -2.78813 -0.0810116 
4.15275 -2.76369 -0.0814437 
4.1674 -2.73916 -0.0818731 
4.18192 -2.71455 -0.0822999 
4.1963 -2.68985 -0.082724 
4.21054 -2.66506 -0.0831455 
4.22465 -2.64019 -0.0835642 
4.23863 -2.61524 -0.0839803 
4.25246 -2.5902 -0.0843936 
4.26616 -2.56508 -0.0848041 
4.27971 -2.53988 -0.0852119 
4.29313 -2.5146 -0.0856169 
4.30641 -2.48924 -0.0860191 
4.31955 -2.4638 -0.0864184 
4.33254 -2.43828 -0.086815 
4.3454 -2.41268 -0.0872087 
4.35811 -2.387 -0.0875996 
4.37068 -2.36125 -0.0879876 
4.38311 -2.33543 -0.0883727 
4.3954 -2.30952 -0.0887549 
4.40754 -2.28355 -0.0891342 
4.41953 -2.2575 -0.0895106 
4.43138 -2.23138 -0.089884 
4.44309 -2.20519 -0.0902544 
4.45465 -2.17893 -0.0906219 
4.46606 -2.1526 -0.0909864 
4.47733 -2.1262 -0.0913479 
4.48845 -2.09973 -0.0917064 
4.49942 -2.07319 -0.0920618 
4.51024 -2.04659 -0.0924142 
4.52091 -2.01992 -0.0927636 
4.53144 -1.99319 -0.0931099 
4.54181 -1.9664 -0.0934531 
4.55204 -1.93954 -0.0937932 
4.56211 -1.91262 -0.0941302 
4.57204 -1.88563 -0.094464 
4.58181 -1.85859 -0.0947948 
4.59143 -1.83149 -0.0951223 
4.6009 -1.80433 -0.0954468 
4.61021 -1.77711 -0.095768 
4.61937 -1.74983 -0.096086 
4.62838 -1.7225 -0.0964009 
4.63724 -1.69511 -0.0967125 
4.64594 -1.66767 -0.0970209 
4.65448 -1.64018 -0.0973261 
4.66287 -1.61263 -0.097628 
4.67111 -1.58503 -0.0979267 
4.67919 -1.55738 -0.0982221 
4.68711 -1.52969 -0.0985142 
4.69488 -1.50194 -0.098803 
4.70249 -1.47414 -0.0990884 
4.70994 -1.4463 -0.0993706 
4.71724 -1.41841 -0.0996494 
4.72437 -1.39048 -0.0999249 
4.73135 -1.3625 -0.100197 
4.73817 -1.33448 -0.100466 
4.74484 -1.30641 -0.100731 
4.75134 -1.27831 -0.100993 
4.75768 -1.25016 -0.101252 
4.76386 -1.22198 -0.101507 
4.76989 -1.19375 -0.101759 
4.77575 -1.16549 -0.102007 
4.78145 -1.13719 -0.102252 
4.787 -1.10886 -0.102493 
4.79238 -1.08049 -0.102731 
4.79759 -1.05209 -0.102966 
4.80265 -1.02365 -0.103197 
4.80755 -0.99518 -0.103425 
4.81228 -0.966681 -0.103649 
4.81685 -0.938151 -0.103869 
4.82126 -0.909592 -0.104086 
4.8255 -0.881005 -0.1043 
4.82959 -0.852391 -0.10451 
4.8335 -0.823751 -0.104716 
4.83726 -0.795085 -0.104919 
4.84085 -0.766395 -0.105118 
4.84428 -0.737681 -0.105314 
4.84754 -0.708945 -0.105506 
4.85064 -0.680188 -0.105695 
4.85357 -0.651411 -0.105879 
4.85634 -0.622614 -0.106061 
4.85895 -0.593798 -0.106239 
4.86139 -0.564965 -0.106413 
4.86366 -0.536116 -0.106583 
4.86577 -0.507251 -0.10675 
4.86772 -0.478372 -0.106913 
4.86949 -0.449479 -0.107073 
4.87111 -0.420573 -0.107229 
4.87255 -0.391657 -0.107381 
4.87383 -0.362729 -0.10753 
4.87495 -0.333792 -0.107675 
4.8759 -0.304847 -0.107816 
4.87668 -0.275894 -0.107953 
4.8773 -0.246934 -0.108087 
4.87775 -0.217969 -0.108217 
4.87803 -0.189 -0.108344 
4.87815 -0.160027 -0.108466 
4.8781 -0.131051 -0.108586 
4.87788 -0.102074 -0.108701 
4.8775 -0.0730967 -0.108812 
4.87695 -0.0441196 -0.10892 
4.87623 -0.0151441 -0.109024 
4.87535 0.013829 -0.109125 
4.87429 0.0427985 -0.109221 
4.87308 0.0717634 -0.109314 
4.87169 0.100723 -0.109403 
4.87014 0.129676 -0.109489 
4.86842 0.158621 -0.10957 
4.86654 0.187558 -0.109648 
4.86449 0.216485 -0.109722 
4.86227 0.245401 -0.109792 
4.85988 0.274306 -0.109859 
4.85733 0.303198 -0.109921 
4.85461 0.332077 -0.10998 
4.85173 0.360941 -0.110035 
4.84867 0.389789 -0.110087 
4.84546 0.418621 -0.110134 
4.84207 0.447435 -0.110178 
4.83852 0.47623 -0.110218 
4.8348 0.505005 -0.110254 
4.83092 0.53376 -0.110286 
4.82687 0.562493 -0.110315 
4.82265 0.591204 -0.11034 
4.81827 0.61989 -0.110361 
4.81372 0.648552 -0.110378 
4.80901 0.677188 -0.110391 
4.80413 0.705797 -0.1104 
4.79909 0.734378 -0.110406 
4.79388 0.762931 -0.110408 
4.7885 0.791454 -0.110406 
4.78297 0.819946 -0.1104 
4.77726 0.848406 -0.110391 
4.77139 0.876833 -0.110377 
4.76536 0.905227 -0.11036 
4.75916 0.933585 -0.110339 
4.7528 0.961908 -0.110314 
4.74628 0.990194 -0.110285 
4.73959 1.01844 -0.110253 
4.73274 1.04665 -0.110217 
4.72573 1.07482 -0.110176 
4.71855 1.10295 -0.110132 
4.71121 1.13104 -0.110085 
4.70371 1.15908 -0.110033 
4.69604 1.18708 -0.109978 
4.68822 1.21504 -0.109919 
4.68023 1.24295 -0.109856 
4.67208 1.27081 -0.109789 
4.66377 1.29862 -0.109718 
4.6553 1.32639 -0.109644 
4.64666 1.35411 -0.109566 
4.63787 1.38177 -0.109484 
4.62892 1.40939 -0.109398 
4.61981 1.43695 -0.109308 
4.61054 1.46446 -0.109215 
4.60111 1.49191 -0.109118 
4.59152 1.51931 -0.109017 
4.58177 1.54665 -0.108912 
4.57187 1.57394 -0.108804 
4.56181 1.60116 -0.108692 
4.55159 1.62833 -0.108576 
4.54121 1.65543 -0.108456 
4.53068 1.68248 -0.108332 
4.51999 1.70946 -0.108205 
4.50914 1.73638 -0.108074 
4.49814 1.76323 -0.107939 
4.48699 1.79002 -0.107801 
4.47568 1.81675 -0.107659 
4.46421 1.84341 -0.107513 
4.4526 1.86999 -0.107363 
4.44082 1.89651 -0.10721 
4.4289 1.92296 -0.107053 
4.41682 1.94934 -0.106892 
4.40459 1.97565 -0.106727 
4.39221 2.00189 -0.106559 
4.37968 2.02805 -0.106387 
4.367 2.05414 -0.106212 
4.35417 2.08015 -0.106032 
4.34119 2.10608 -0.105849 
4.32805 2.13194 -0.105663 
4.31477 2.15772 -0.105473 
4.30135 2.18343 -0.105279 
4.28777 2.20905 -0.105081 
4.27405 2.23459 -0.10488 
4.26017 2.26005 -0.104675 
4.24616 2.28543 -0.104467 
4.23199 2.31072 -0.104255 
4.21769 2.33593 -0.10404 
4.20323 2.36105 -0.10382 
4.18864 2.38609 -0.103598 
4.1739 2.41104 -0.103371 
4.15901 2.43591 -0.103141 
4.14398 2.46068 -0.102908 
4.12882 2.48537 -0.102671 
4.11351 2.50996 -0.102431 
4.09806 2.53447 -0.102186 
4.08246 2.55888 -0.101939 
4.06673 2.5832 -0.101688 
4.05086 2.60743 -0.101433 
4.03485 2.63156 -0.101175 
4.01871 2.65559 -0.100914 
4.00242 2.67953 -0.100649 
3.986 2.70338 -0.10038 
3.96944 2.72712 -0.100108 
3.95275 2.75077 -0.0998327 
3.93592 2.77432 -0.0995538 
3.91896 2.79776 -0.0992716 
3.90187 2.82111 -0.0989859 
3.88464 2.84436 -0.0986969 
3.86728 2.8675 -0.0984044 
3.84978 2.89054 -0.0981086 
3.83216 2.91347 -0.0978095 
3.81441 2.9363 -0.0975069 
3.79652 2.95902 -0.0972011 
3.77851 2.98164 -0.0968919 
3.76037 3.00415 -0.0965793 
3.7421 3.02655 -0.0962635 
3.7237 3.04885 -0.0959444 
3.70518 3.07103 -0.095622 
3.68653 3.09311 -0.0952963 
3.66776 3.11507 -0.0949674 
3.64886 3.13692 -0.0946352 
3.62984 3.15866 -0.0942998 
3.61069 3.18029 -0.0939612 
3.59143 3.2018 -0.0936194 
3.57204 3.2232 -0.0932744 
3.55253 3.24448 -0.0929262 
3.5329 3.26565 -0.0925748 
3.51315 3.2867 -0.0922203 
3.49329 3.30763 -0.0918627 
3.4733 3.32844 -0.0915019 
3.4532 3.34914 -0.091138 
3.43298 3.36972 -0.090771 
3.41265 3.39017 -0.090401 
3.3922 3.41051 -0.0900279 
3.37164 3.43072 -0.0896517 
3.35097 3.45082 -0.0892724 
3.33018 3.47079 -0.0888902 
3.30928 3.49063 -0.0885049 
3.28827 3.51036 -0.0881167 
3.26715 3.52996 -0.0877254 
3.24592 3.54943 -0.0873312 
3.22458 3.56878 -0.0869341 
3.20313 3.588 -0.086534 
3.18158 3.60709 -0.086131 
3.15992 3.62606 -0.0857251 
3.13815 3.6449 -0.0853163 
3.11628 3.66361 -0.0849046 
3.09431 3.68219 -0.08449 
3.07223 3.70064 -0.0840727 
3.05005 3.71896 -0.0836524 
3.02777 3.73715 -0.0832294 
3.00539 3.7552 -0.0828036 
2.98291 3.77313 -0.082375 
2.96033 3.79092 -0.0819436 
2.93766 3.80858 -0.0815095 
2.91488 3.8261 -0.0810727 
2.89201 3.8435 -0.0806332 
2.86904 3.86075 -0.0801909 
2.84598 3.87787 -0.079746 
2.82283 3.89486 -0.0792984 
2.79958 3.9117 -0.0788481 
2.77624 3.92841 -0.0783953 
2.75281 3.94499 -0.0779398 
2.72928 3.96142 -0.0774817 
2.70567 3.97772 -0.0770211 
2.68197 3.99388 -0.0765578 
2.65818 4.0099 -0.0760921 
2.63431 4.02578 -0.0756238 
2.61035 4.04152 -0.075153 
2.5863 4.05711 -0.0746797 
2.56217 4.07257 -0.074204 
2.53795 4.08789 -0.0737257 
2.51366 4.10306 -0.0732451 
2.48928 4.11809 -0.072762 
2.46482 4.13298 -0.0722765 
2.44028 4.14772 -0.0717887 
2.41566 4.16232 -0.0712984 
2.39096 4.17678 -0.0708058 
2.36618 4.19109 -0.0703109 
2.34133 4.20525 -0.0698137 
2.3164 4.21927 -0.0693142 
2.2914 4.23315 -0.0688124 
2.26633 4.24688 -0.0683084 
2.24118 4.26046 -0.0678021 
2.21596 4.2739 -0.0672936 
2.19067 4.28718 -0.0667829 
2.16531 4.30033 -0.06627 
2.13988 4.31332 -0.065755 
2.11438 4.32616 -0.0652378 
2.08881 4.33886 -0.0647184 
2.06318 4.3514 -0.064197 
2.03748 4.3638 -0.0636735 
2.01171 4.37605 -0.0631479 
1.98589 4.38815 -0.0626203 
1.96 4.4001 -0.0620906 
1.93404 4.41189 -0.061559 
1.90803 4.42354 -0.0610253 
1.88196 4.43503 -0.0604897 
1.85583 4.44638 -0.0599521 
1.82963 4.45757 -0.0594126 
1.80339 4.46861 -0.0588712 
1.77708 4.4795 -0.0583278 
1.75072 4.49023 -0.0577826 
1.72431 4.50082 -0.0572356 
1.69784 4.51125 -0.0566867 
1.67132 4.52152 -0.056136 
1.64474 4.53165 -0.0555835 
1.61812 4.54162 -0.0550292 
1.59144 4.55143 -0.0544731 
1.56472 4.56109 -0.0539154 
1.53795 4.5706 -0.0533559 
1.51113 4.57995 -0.0527947 
1.48426 4.58915 -0.0522318 
1.45735 4.5982 -0.0516673 
1.4304 4.60708 -0.0511011 
1.4034 4.61582 -0.0505334 
1.37636 4.62439 -0.049964 
1.34928 4.63282 -0.049393 
1.32215 4.64108 -0.0488205 
1.29499 4.64919 -0.0482465 
1.26779 4.65715 -0.0476709 
1.24055 4.66495 -0.0470939 
1.21327 4.67259 -0.0465153 
1.18596 4.68007 -0.0459354 
1.15861 4.6874 -0.0453539 
1.13123 4.69457 -0.0447711 
1.10381 4.70159 -0.0441868 
1.07636 4.70845 -0.0436012 
1.04888 4.71515 -0.0430143 
1.02137 4.72169 -0.042426 
0.993834 4.72808 -0.0418364 
0.966265 4.73431 -0.0412454 
0.938669 4.74038 -0.0406533 
0.911046 4.7463 -0.0400598 
0.883397 4.75206 -0.0394652 
0.855723 4.75766 -0.0388693 
0.828025 4.7631 -0.0382722 
0.800304 4.76838 -0.037674 
0.77256 4.77351 -0.0370746 
0.744796 4.77848 -0.036474 
0.717011 4.78329 -0.0358724 
0.689206 4.78795 -0.0352697 
0.661383 4.79244 -0.0346659 
0.633542 4.79678 -0.0340611 
0.605685 4.80096 -0.0334552 
0.577812 4.80498 -0.0328483 
0.549924 4.80885 -0.0322405 
0.522022 4.81255 -0.0316316 
0.494107 4.8161 -0.0310218 
0.46618 4.81949 -0.0304111 
0.438241 4.82273 -0.0297995 
0.410293 4.8258 -0.029187 
0.382335 4.82872 -0.0285737 
0.354368 4.83148 -0.0279595 
0.326394 4.83408 -0.0273445 
0.298413 4.83653 -0.0267286 
0.270426 4.83881 -0.026112 
0.242435 4.84094 -0.0254947 
0.214439 4.84292 -0.0248765 
0.186441 4.84473 -0.0242577 
0.15844 4.84639 -0.0236382 
0.130438 4.84789 -0.0230179 
0.102435 4.84923 -0.0223971 
0.074433 4.85042 -0.0217756 
0.0464324 4.85145 -0.0211534 
0.018434 4.85232 -0.0205307 
-0.00956124 4.85304 -0.0199074 
-0.0375524 4.8536 -0.0192835 
-0.0655387 4.854 -0.0186591 
-0.0935191 4.85425 -0.0180341 
-0.121493 4.85434 -0.0174087 
-0.149459 4.85427 -0.0167828 
-0.177417 4.85405 -0.0161565 
-0.205365 4.85367 -0.0155297 
-0.233303 4.85314 -0.0149024 
-0.26123 4.85245 -0.0142748 
-0.289146 4.85161 -0.0136468 
-0.317048 4.85061 -0.0130185 
-0.344937 4.84946 -0.0123898 
-0.372811 4.84815 -0.0117608 
-0.40067 4.84668 -0.0111315 
-0.428512 4.84507 -0.0105019 
-0.456338 4.84329 -0.00987208 
-0.484145 4.84137 -0.00924201 
-0.511934 4.83929 -0.00861172 
-0.539703 4.83705 -0.00798124 
-0.567451 4.83467 -0.00735058 
-0.595178 4.83213 -0.00671976 
-0.622883 4.82943 -0.0060888 
-0.650565 4.82659 -0.00545773 
-0.678223 4.82359 -0.00482655 
-0.705856 4.82043 -0.0041953 
-0.733464 4.81713 -0.00356399 
-0.761045 4.81368 -0.00293264 
-0.788599 4.81007 -0.00230127 
-0.816125 4.80631 -0.0016699 
-0.843622 4.8024 -0.00103855 
-0.87109 4.79834 -0.000407242 
-0.898527 4.79413 0.000224012 
-0.925932 4.78977 0.000855187 
-0.953306 4.78526 0.00148627 
-0.980646 4.78059 0.00211723 
-1.00795 4.77578 0.00274806 
-1.03522 4.77082 0.00337873 
-1.06246 4.76571 0.00400923 
-1.08966 4.76045 0.00463953 
-1.11683 4.75505 0.00526963 
-1.14395 4.74949 0.00589949 
-1.17104 4.74379 0.0065291 
-1.19809 4.73794 0.00715844 
-1.22509 4.73194 0.0077875 
-1.25206 4.7258 0.00841624 
-1.27899 4.71951 0.00904466 
-1.30587 4.71307 0.00967274 
-1.33271 4.70649 0.0103005 
-1.3595 4.69976 0.0109278 
-1.38625 4.69289 0.0115547 
-1.41296 4.68587 0.0121812 
-1.43962 4.67871 0.0128073 
-1.46623 4.6714 0.0134329 
-1.49279 4.66395 0.0140581 
-1.5193 4.65636 0.0146827 
-1.54577 4.64862 0.0153068 
-1.57218 4.64074 0.0159304 
-1.59855 4.63272 0.0165535 
-1.62486 4.62455 0.017176 
-1.65112 4.61625 0.0177979 
-1.67733 4.6078 0.0184192 
-1.70348 4.59921 0.0190399 
-1.72958 4.59048 0.0196599 
-1.75562 4.58161 0.0202793 
-1.78161 4.5726 0.020898 
-1.80754 4.56345 0.021516 
-1.83341 4.55417 0.0221333 
-1.85923 4.54474 0.0227499 
-1.88498 4.53518 0.0233657 
-1.91068 4.52548 0.0239808 
-1.93631 4.51564 0.0245951 
-1.96189 4.50566 0.0252086 
-1.9874 4.49555 0.0258213 
-2.01285 4.4853 0.0264331 
-2.03824 4.47492 0.0270441 
-2.06356 4.4644 0.0276542 
-2.08882 4.45374 0.0282634 
-2.11401 4.44295 0.0288718 
-2.13914 4.43203 0.0294792 
-2.1642 4.42098 0.0300857 
-2.1892 4.40979 0.0306912 
-2.21412 4.39847 0.0312957 
-2.23898 4.38701 0.0318993 
-2.26377 4.37543 0.0325019 
-2.28848 4.36371 0.0331034 
-2.31313 4.35186 0.0337039 
-2.33771 4.33989 0.0343033 
-2.36221 4.32778 0.0349017 
-2.38664 4.31554 0.035499 
-2.411 4.30318 0.0360952 
-2.43528 4.29068 0.0366903 
-2.45949 4.27806 0.0372842 
-2.48363 4.26531 0.0378769 
-2.50769 4.25243 0.0384686 
-2.53167 4.23943 0.039059 
-2.55557 4.2263 0.0396482 
-2.5794 4.21305 0.0402362 
-2.60315 4.19967 0.040823 
-2.62682 4.18617 0.0414085 
-2.65041 4.17254 0.0419927 
-2.67392 4.15879 0.0425757 
-2.69735 4.14491 0.0431574 
-2.7207 4.13091 0.0437377 
-2.74397 4.11679 0.0443168 
-2.76715 4.10255 0.0448945 
-2.79025 4.08819 0.0454708 
-2.81327 4.07371 0.0460457 
-2.8362 4.05911 0.0466193 
-2.85905 4.04439 0.0471915 
-2.88181 4.02955 0.0477622 
-2.90449 4.01459 0.0483315 
-2.92708 3.99951 0.0488994 
-2.94958 3.98432 0.0494658 
-2.97199 3.96901 0.0500307 
-2.99432 3.95358 0.0505941 
-3.01656 3.93804 0.051156 
-3.0387 3.92238 0.0517164 
-3.06076 3.90661 0.0522753 
-3.08273 3.89072 0.0528326 
-3.10461 3.87472 0.0533883 
-3.12639 3.85861 0.0539424 
-3.14808 3.84238 0.054495 
-3.16968 3.82604 0.0550459 
-3.19119 3.80959 0.0555953 
-3.2126 3.79303 0.0561429 
-3.23392 3.77636 0.056689 
-3.25514 3.75958 0.0572333 
-3.27627 3.74269 0.057776 
-3.2973 3.7257 0.058317 
-3.31824 3.70859 0.0588562 
-3.33908 3.69138 0.0593938 
-3.35982 3.67406 0.0599296 
-3.38046 3.65663 0.0604637 
-3.40101 3.6391 0.060996 
-3.42145 3.62147 0.0615265 
-3.4418 3.60372 0.0620552 
-3.46205 3.58588 0.0625822 
-3.48219 3.56793 0.0631073 
-3.50224 3.54988 0.0636306 
-3.52218 3.53173 0.064152 
-3.54203 3.51347 0.0646716 
-3.56177 3.49512 0.0651893 
-3.5814 3.47666 0.0657051 
-3.60094 3.4581 0.0662191 
-3.62037 3.43945 0.0667311 
-3.6397 3.42069 0.0672412 
-3.65892 3.40184 0.0677494 
-3.67804 3.38289 0.0682557 
-3.69705 3.36384 0.0687599 
-3.71595 3.3447 0.0692623 
-3.73475 3.32546 0.0697626 
-3.75344 3.30613 0.0702609 
-3.77203 3.2867 0.0707573 
-3.79051 3.26718 0.0712516 
-3.80888 3.24756 0.0717438 
-3.82714 3.22785 0.0722341 
-3.84529 3.20805 0.0727223 
-3.86334 3.18816 0.0732084 
-3.88127 3.16818 0.0736924 
-3.89909 3.14811 0.0741744 
-3.91681 3.12794 0.0746542 
-3.93441 3.10769 0.075132 
-3.9519 3.08735 0.0756076 
-3.96928 3.06693 0.076081 
-3.98654 3.04641 0.0765524 
-4.0037 3.02581 0.0770215 
-4.02074 3.00513 0.0774885 
-4.03767 2.98435 0.0779534 
-4.05448 2.9635 0.078416 
-4.07118 2.94256 0.0788764 
-4.08777 2.92153 0.0793346 
-4.10424 2.90043 0.0797906 
-4.1206 2.87924 0.0802444 
-4.13684 2.85797 0.0806959 
-4.15296 2.83662 0.0811452 
-4.16897 2.81519 0.0815921 
-4.18486 2.79368 0.0820369 
-4.20064 2.77209 0.0824793 
-4.2163 2.75042 0.0829194 
-4.23184 2.72868 0.0833572 
-4.24726 2.70685 0.0837927 
-4.26257 2.68496 0.0842259 
-4.27775 2.66298 0.0846567 
-4.29282 2.64093 0.0850852 
-4.30777 2.61881 0.0855114 
-4.3226 2.59661 0.0859351 
-4.33731 2.57434 0.0863565 
-4.35189 2.552 0.0867755 
-4.36636 2.52958 0.0871921 
-4.38071 2.5071 0.0876063 
-4.39494 2.48454 0.0880181 
-4.40904 2.46191 0.0884274 
-4.42303 2.43922 0.0888344 
-4.43689 2.41645 0.0892389 
-4.45063 2.39362 0.0896409 
-4.46424 2.37072 0.0900404 
-4.47774 2.34775 0.0904375 
-4.49111 2.32472 0.0908322 
-4.50436 2.30162 0.0912243 
-4.51748 2.27846 0.0916139 
-4.53048 2.25523 0.092001 
-4.54336 2.23194 0.0923856 
-4.55611 2.20859 0.0927677 
-4.56873 2.18518 0.0931473 
-4.58124 2.1617 0.0935243 
-4.59361 2.13816 0.0938988 
-4.60586 2.11456 0.0942707 
-4.61799 2.09091 0.09464 
-4.62999 2.06719 0.0950068 
-4.64186 2.04342 0.095371 
-4.65361 2.01959 0.0957326 
-4.66523 1.9957 0.0960916 
-4.67673 1.97176 0.096448 
-4.68809 1.94776 0.0968018 
-4.69933 1.9237 0.097153 
-4.71044 1.89959 0.0975015 
-4.72143 1.87543 0.0978474 
-4.73229 1.85122 0.0981907 
-4.74301 1.82695 0.0985313 
-4.75361 1.80263 0.0988693 
-4.76408 1.77826 0.0992046 
-4.77443 1.75384 0.0995372 
-4.78464 1.72937 0.0998671 
-4.79473 1.70486 0.100194 
-4.80468 1.68029 0.100519 
-4.81451 1.65568 0.100841 
-4.8242 1.63102 0.10116 
-4.83377 1.60631 0.101476 
-4.84321 1.58156 0.10179 
-4.85251 1.55676 0.102101 
-4.86169 1.53192 0.102409 
-4.87073 1.50704 0.102715 
-4.87965 1.48211 0.103018 
-4.88843 1.45714 0.103318 
-4.89708 1.43213 0.103615 
-4.9056 1.40708 0.103909 
-4.91399 1.38198 0.104201 
-4.92225 1.35685 0.10449 
-4.93038 1.33168 0.104776 
-4.93837 1.30647 0.10506 
-4.94623 1.28123 0.10534 
-4.95397 1.25594 0.105618 
-4.96156 1.23062 0.105893 
-4.96903 1.20527 0.106165 
-4.97636 1.17988 0.106434 
-4.98357 1.15446 0.106701 
-4.99063 1.129 0.106965 
-4.99757 1.10351 0.107225 
-5.00437 1.07799 0.107483 
-5.01104 1.05243 0.107739 
-5.01758 1.02685 0.107991 
-5.02398 1.00124 0.10824 
-5.03025 0.975592 0.108487 
-5.03639 0.949919 0.108731 
-5.04239 0.924218 0.108971 
-5.04826 0.89849 0.109209 
-5.054 0.872735 0.109445 
-5.0596 0.846953 0.109677 
-5.06507 0.821147 0.109906 
-5.0704 0.795315 0.110132 
-5.0756 0.769459 0.110356 
-5.08067 0.74358 0.110577 
-5.0856 0.717679 0.110794 
-5.0904 0.691755 0.111009 
-5.09506 0.665809 0.111221 
-5.09959 0.639843 0.11143 
-5.10398 0.613857 0.111636 
-5.10824 0.587851 0.111839 
-5.11237 0.561827 0.112039 
-5.11636 0.535784 0.112237 
-5.12021 0.509724 0.112431 
-5.12393 0.483648 0.112622 
-5.12752 0.457555 0.112811 
-5.13097 0.431446 0.112996 
-5.13429 0.405323 0.113179 
-5.13747 0.379186 0.113358 
-5.14052 0.353036 0.113535 
-5.14343 0.326872 0.113708 
-5.14621 0.300697 0.113879 
-5.14885 0.27451 0.114047 
-5.15136 0.248312 0.114211 
-5.15373 0.222105 0.114373 
-5.15597 0.195887 0.114532 
-5.15807 0.169662 0.114688 
-5.16003 0.143427 0.11484 
-5.16187 0.117186 0.11499 
-5.16356 0.0909376 0.115137 
-5.16513 0.0646831 0.115281 
-5.16655 0.0384232 0.115422 
-5.16784 0.0121585 0.115559 
-5.169 -0.0141103 0.115694 
-5.17002 -0.0403827 0.115826 
-5.17091 -0.0666578 0.115955 
-5.17166 -0.0929351 0.11608 
-5.17228 -0.119214 0.116203 
-5.17276 -0.145494 0.116323 
-5.17311 -0.171773 0.11644 
-5.17332 -0.198053 0.116553 
-5.1734 -0.224331 0.116664 
-5.17334 -0.250607 0.116772 
-5.17315 -0.276881 0.116876 
-5.17282 -0.303152 0.116978 
-5.17236 -0.329419 0.117077 
-5.17177 -0.355682 0.117172 
-5.17104 -0.38194 0.117265 
-5.17017 -0.408191 0.117354 
-5.16917 -0.434437 0.117441 
-5.16804 -0.460675 0.117524 
-5.16677 -0.486906 0.117604 
-5.16537 -0.513129 0.117682 
-5.16383 -0.539342 0.117756 
-5.16216 -0.565546 0.117827 
-5.16036 -0.591739 0.117896 
-5.15842 -0.617922 0.117961 
-5.15635 -0.644093 0.118023 
-5.15414 -0.670251 0.118082 
-5.1518 -0.696397 0.118138 
-5.14933 -0.722529 0.118191 
-5.14672 -0.748648 0.118241 
-5.14398 -0.774751 0.118288 
-5.14111 -0.800839 0.118332 
-5.1381 -0.82691 0.118373 
-5.13496 -0.852965 0.11841 
-5.13169 -0.879002 0.118445 
-5.12828 -0.905022 0.118477 
-5.12474 -0.931022 0.118506 
-5.12107 -0.957004 0.118531 
-5.11727 -0.982965 0.118554 
-5.11333 -1.00891 0.118573 
-5.10926 -1.03483 0.11859 
-5.10506 -1.06072 0.118603 
-5.10073 -1.0866 0.118613 
-5.09626 -1.11245 0.118621 
-5.09166 -1.13828 0.118625 
-5.08693 -1.16408 0.118626 
-5.08207 -1.18986 0.118624 
-5.07708 -1.21561 0.118619 
-5.07196 -1.24134 0.118611 
-5.0667 -1.26704 0.1186 
-5.06132 -1.29271 0.118586 
-5.0558 -1.31835 0.118569 
-5.05015 -1.34397 0.118549 
-5.04438 -1.36955 0.118526 
-5.03847 -1.39511 0.118499 
-5.03243 -1.42063 0.11847 
-5.02626 -1.44612 0.118438 
-5.01996 -1.47158 0.118403 
-5.01353 -1.49701 0.118364 
-5.00698 -1.52241 0.118323 
-5.00029 -1.54777 0.118278 
-4.99347 -1.57309 0.118231 
-4.98653 -1.59838 0.11818 
