-2.66466e-12 -5.43051e-12 9.52488e-14 
-2.71388e-08 -5.53397e-08 9.6982e-10 
-1.07327e-07 -2.18955e-07 3.83384e-09 
-2.40367e-07 -4.9054e-07 8.58154e-09 
-4.261e-07 -8.69804e-07 1.52022e-08 
-6.64407e-07 -1.35648e-06 2.36852e-08 
-9.55206e-07 -1.95032e-06 3.40197e-08 
-1.29845e-06 -2.65111e-06 4.61949e-08 
-1.69413e-06 -3.45866e-06 6.02e-08 
-2.14228e-06 -4.37283e-06 7.60239e-08 
-2.64293e-06 -5.3935e-06 9.36557e-08 
-3.19616e-06 -6.52059e-06 1.13084e-07 
-3.8021e-06 -7.75405e-06 1.34299e-07 
-4.46084e-06 -9.09389e-06 1.57288e-07 
-5.17255e-06 -1.05402e-05 1.82041e-07 
-5.93738e-06 -1.20929e-05 2.08546e-07 
-6.7555e-06 -1.37524e-05 2.36792e-07 
-7.62709e-06 -1.55186e-05 2.66768e-07 
-8.55235e-06 -1.73919e-05 2.98462e-07 
-9.53145e-06 -1.93726e-05 3.31862e-07 
-1.05646e-05 -2.14609e-05 3.66959e-07 
-1.1652e-05 -2.36572e-05 4.03738e-07 
-1.27937e-05 -2.59619e-05 4.42191e-07 
-1.39901e-05 -2.83756e-05 4.82303e-07 
-1.52411e-05 -3.08986e-05 5.24065e-07 
-1.6547e-05 -3.35317e-05 5.67464e-07 
-1.79079e-05 -3.62753e-05 6.12488e-07 
-1.93238e-05 -3.913e-05 6.59125e-07 
-2.07949e-05 -4.20967e-05 7.07364e-07 
-2.23211e-05 -4.5176e-05 7.57193e-07 
-2.39024e-05 -4.83686e-05 8.08599e-07 
-2.55389e-05 -5.16753e-05 8.6157e-07 
-2.72305e-05 -5.5097e-05 9.16095e-07 
-2.8977e-05 -5.86345e-05 9.72161e-07 
-3.07783e-05 -6.22886e-05 1.02976e-06 
-3.26342e-05 -6.60603e-05 1.08887e-06 
-3.45445e-05 -6.99505e-05 1.14948e-06 
-3.6509e-05 -7.39602e-05 1.21159e-06 
-3.85272e-05 -7.80902e-05 1.27518e-06 
-4.05989e-05 -8.23415e-05 1.34023e-06 
-4.27236e-05 -8.67151e-05 1.40674e-06 
-4.49009e-05 -9.12121e-05 1.47469e-06 
-4.71302e-05 -9.58333e-05 1.54407e-06 
-4.9411e-05 -0.00010058 1.61486e-06 
-5.17428e-05 -0.000105452 1.68706e-06 
-5.41248e-05 -0.000110452 1.76065e-06 
-5.65564e-05 -0.00011558 1.83562e-06 
-5.90368e-05 -0.000120838 1.91195e-06 
-6.15653e-05 -0.000126225 1.98963e-06 
-6.4141e-05 -0.000131743 2.06865e-06 
-6.6763e-05 -0.000137393 2.149e-06 
-6.94305e-05 -0.000143176 2.23066e-06 
-7.21425e-05 -0.000149093 2.31362e-06 
-7.4898e-05 -0.000155145 2.39786e-06 
-7.7696e-05 -0.000161331 2.48338e-06 
-8.05354e-05 -0.000167654 2.57015e-06 
-8.34151e-05 -0.000174114 2.65817e-06 
-8.6334e-05 -0.000180711 2.74743e-06 
-8.92909e-05 -0.000187446 2.8379e-06 
-9.22847e-05 -0.000194321 2.92958e-06 
-9.53142e-05 -0.000201335 3.02245e-06 
-9.8378e-05 -0.000208489 3.11649e-06 
-0.000101475 -0.000215784 3.2117e-06 
-0.000104604 -0.000223221 3.30806e-06 
-0.000107763 -0.000230799 3.40556e-06 
-0.000110952 -0.000238519 3.50417e-06 
-0.000114168 -0.000246381 3.6039e-06 
-0.000117412 -0.000254387 3.70472e-06 
-0.00012068 -0.000262535 3.80662e-06 
-0.000123972 -0.000270827 3.90959e-06 
-0.000127287 -0.000279262 4.01361e-06 
-0.000130623 -0.000287841 4.11866e-06 
-0.000133979 -0.000296564 4.22474e-06 
-0.000137353 -0.000305431 4.33183e-06 
-0.000140745 -0.000314442 4.43991e-06 
-0.000144152 -0.000323597 4.54898e-06 
-0.000147574 -0.000332896 4.65901e-06 
-0.000151008 -0.000342338 4.76999e-06 
-0.000154455 -0.000351924 4.88191e-06 
-0.000157912 -0.000361654 4.99475e-06 
-0.000161378 -0.000371526 5.1085e-06 
-0.000164852 -0.000381542 5.22314e-06 
-0.000168333 -0.0003917 5.33866e-06 
-0.000171819 -0.000402001 5.45504e-06 
-0.00017531 -0.000412444 5.57227e-06 
-0.000178804 -0.000423028 5.69033e-06 
-0.0001823 -0.000433753 5.80922e-06 
-0.000185798 -0.000444619 5.92891e-06 
-0.000189295 -0.000455625 6.04938e-06 
-0.000192791 -0.00046677 6.17064e-06 
-0.000196285 -0.000478055 6.29265e-06 
-0.000199776 -0.000489478 6.4154e-06 
-0.000203263 -0.000501039 6.53888e-06 
-0.000206746 -0.000512737 6.66308e-06 
-0.000210223 -0.000524572 6.78798e-06 
-0.000213694 -0.000536544 6.91356e-06 
-0.000217158 -0.00054865 7.0398e-06 
-0.000220614 -0.000560891 7.1667e-06 
-0.000224062 -0.000573267 7.29424e-06 
-0.0002275 -0.000585775 7.42239e-06 
-0.00023093 -0.000598417 7.55116e-06 
-0.00023435 -0.000611191 7.68051e-06 
-0.000237759 -0.000624097 7.81045e-06 
-0.000241157 -0.000637133 7.94094e-06 
-0.000244544 -0.0006503 8.07197e-06 
-0.00024792 -0.000663596 8.20354e-06 
-0.000251284 -0.000677022 8.33561e-06 
-0.000254636 -0.000690577 8.46819e-06 
-0.000257976 -0.00070426 8.60124e-06 
-0.000261304 -0.00071807 8.73476e-06 
-0.000264619 -0.000732008 8.86874e-06 
-0.000267921 -0.000746072 9.00314e-06 
-0.000271211 -0.000760263 9.13797e-06 
-0.000274488 -0.000774581 9.2732e-06 
-0.000277752 -0.000789024 9.40881e-06 
-0.000281003 -0.000803592 9.5448e-06 
-0.000284242 -0.000818286 9.68114e-06 
-0.000287468 -0.000833105 9.81782e-06 
-0.000290681 -0.00084805 9.95482e-06 
-0.000293881 -0.000863119 1.00921e-05 
-0.000297069 -0.000878313 1.02297e-05 
-0.000300244 -0.000893633 1.03676e-05 
-0.000303407 -0.000909077 1.05057e-05 
-0.000306557 -0.000924647 1.06441e-05 
-0.000309694 -0.000940341 1.07827e-05 
-0.000312819 -0.000956162 1.09215e-05 
-0.000315932 -0.000972108 1.10605e-05 
-0.000319031 -0.00098818 1.11997e-05 
-0.000322119 -0.00100438 1.1339e-05 
-0.000325193 -0.0010207 1.14785e-05 
-0.000328255 -0.00103716 1.16181e-05 
-0.000331304 -0.00105374 1.17579e-05 
-0.000334339 -0.00107044 1.18977e-05 
-0.000337362 -0.00108728 1.20376e-05 
-0.00034037 -0.00110425 1.21775e-05 
-0.000343365 -0.00112134 1.23176e-05 
-0.000346346 -0.00113857 1.24576e-05 
-0.000349312 -0.00115592 1.25976e-05 
-0.000352264 -0.00117341 1.27377e-05 
-0.000355199 -0.00119103 1.28777e-05 
-0.000358119 -0.00120878 1.30177e-05 
-0.000361023 -0.00122666 1.31576e-05 
-0.00036391 -0.00124468 1.32975e-05 
-0.000366778 -0.00126284 1.34372e-05 
-0.000369629 -0.00128113 1.35769e-05 
-0.000372461 -0.00129955 1.37164e-05 
-0.000375272 -0.00131811 1.38558e-05 
-0.000378064 -0.00133681 1.39951e-05 
-0.000380833 -0.00135564 1.41342e-05 
-0.000383581 -0.00137462 1.4273e-05 
-0.000386305 -0.00139373 1.44117e-05 
-0.000389004 -0.00141298 1.45502e-05 
-0.000391679 -0.00143237 1.46884e-05 
-0.000394327 -0.0014519 1.48263e-05 
-0.000396947 -0.00147158 1.4964e-05 
-0.000399539 -0.00149139 1.51014e-05 
-0.000402101 -0.00151135 1.52385e-05 
-0.000404633 -0.00153145 1.53752e-05 
-0.000407132 -0.00155169 1.55116e-05 
-0.000409597 -0.00157207 1.56477e-05 
-0.000412028 -0.0015926 1.57834e-05 
-0.000414423 -0.00161327 1.59186e-05 
-0.00041678 -0.00163408 1.60535e-05 
-0.000419099 -0.00165504 1.61879e-05 
-0.000421377 -0.00167614 1.63219e-05 
-0.000423614 -0.00169739 1.64554e-05 
-0.000425808 -0.00171878 1.65885e-05 
-0.000427958 -0.00174031 1.6721e-05 
-0.000430062 -0.00176199 1.6853e-05 
-0.000432119 -0.00178381 1.69845e-05 
-0.000434127 -0.00180578 1.71154e-05 
-0.000436086 -0.00182789 1.72458e-05 
-0.000437993 -0.00185014 1.73756e-05 
-0.000439847 -0.00187254 1.75047e-05 
-0.000441646 -0.00189508 1.76333e-05 
-0.00044339 -0.00191776 1.77612e-05 
-0.000445077 -0.00194059 1.78885e-05 
-0.000446705 -0.00196355 1.8015e-05 
-0.000448274 -0.00198666 1.81409e-05 
-0.000449781 -0.00200991 1.82661e-05 
-0.000451225 -0.00203329 1.83906e-05 
-0.000452606 -0.00205682 1.85143e-05 
-0.000453921 -0.00208049 1.86372e-05 
-0.000455169 -0.00210429 1.87594e-05 
-0.00045635 -0.00212823 1.88808e-05 
-0.000457462 -0.00215231 1.90013e-05 
-0.000458503 -0.00217653 1.9121e-05 
-0.000459473 -0.00220088 1.92399e-05 
-0.000460371 -0.00222536 1.93579e-05 
-0.000461195 -0.00224998 1.9475e-05 
-0.000461944 -0.00227472 1.95913e-05 
-0.000462617 -0.00229961 1.97066e-05 
-0.000463214 -0.00232462 1.98209e-05 
-0.000463734 -0.00234976 1.99343e-05 
-0.000464175 -0.00237502 2.00468e-05 
-0.000464536 -0.00240042 2.01582e-05 
-0.000464818 -0.00242594 2.02687e-05 
-0.000465019 -0.00245159 2.03781e-05 
-0.000465138 -0.00247736 2.04864e-05 
-0.000465175 -0.00250326 2.05938e-05 
-0.000465129 -0.00252928 2.07e-05 
-0.000465 -0.00255541 2.08051e-05 
-0.000464788 -0.00258167 2.09092e-05 
-0.000464491 -0.00260805 2.10121e-05 
-0.000464109 -0.00263455 2.11138e-05 
-0.000463642 -0.00266116 2.12144e-05 
-0.00046309 -0.00268789 2.13138e-05 
-0.000462452 -0.00271473 2.1412e-05 
-0.000461728 -0.00274169 2.1509e-05 
-0.000460919 -0.00276876 2.16047e-05 
-0.000460023 -0.00279594 2.16992e-05 
-0.00045904 -0.00282324 2.17925e-05 
-0.000457971 -0.00285064 2.18844e-05 
-0.000456816 -0.00287816 2.1975e-05 
-0.000455573 -0.00290578 2.20644e-05 
-0.000454245 -0.00293352 2.21523e-05 
-0.000452829 -0.00296136 2.2239e-05 
-0.000451328 -0.00298931 2.23242e-05 
-0.000449739 -0.00301736 2.24081e-05 
-0.000448064 -0.00304552 2.24905e-05 
-0.000446303 -0.00307379 2.25716e-05 
-0.000444456 -0.00310216 2.26511e-05 
-0.000442522 -0.00313063 2.27293e-05 
-0.000440502 -0.00315921 2.28059e-05 
-0.000438395 -0.00318789 2.28811e-05 
-0.000436203 -0.00321668 2.29547e-05 
-0.000433925 -0.00324557 2.30268e-05 
-0.000431561 -0.00327457 2.30974e-05 
-0.00042911 -0.00330366 2.31664e-05 
-0.000426574 -0.00333286 2.32339e-05 
-0.000423952 -0.00336217 2.32997e-05 
-0.000421244 -0.00339157 2.33639e-05 
-0.000418449 -0.00342108 2.34265e-05 
-0.000415568 -0.00345069 2.34875e-05 
-0.000412601 -0.00348041 2.35468e-05 
-0.000409548 -0.00351022 2.36044e-05 
-0.000406407 -0.00354015 2.36603e-05 
-0.00040318 -0.00357017 2.37145e-05 
-0.000399865 -0.0036003 2.3767e-05 
-0.000396462 -0.00363053 2.38177e-05 
-0.000392972 -0.00366086 2.38666e-05 
-0.000389393 -0.0036913 2.39138e-05 
-0.000385725 -0.00372185 2.39592e-05 
-0.000381967 -0.0037525 2.40027e-05 
-0.00037812 -0.00378325 2.40445e-05 
-0.000374182 -0.00381411 2.40844e-05 
-0.000370153 -0.00384507 2.41224e-05 
-0.000366032 -0.00387614 2.41585e-05 
-0.000361818 -0.00390731 2.41928e-05 
-0.000357511 -0.00393859 2.42251e-05 
-0.00035311 -0.00396998 2.42555e-05 
-0.000348615 -0.00400147 2.4284e-05 
-0.000344023 -0.00403307 2.43105e-05 
-0.000339334 -0.00406477 2.4335e-05 
-0.000334548 -0.00409658 2.43575e-05 
-0.000329663 -0.0041285 2.4378e-05 
-0.000324679 -0.00416052 2.43965e-05 
-0.000319593 -0.00419265 2.44129e-05 
-0.000314406 -0.00422488 2.44273e-05 
-0.000309117 -0.00425722 2.44396e-05 
-0.000303723 -0.00428967 2.44499e-05 
-0.000298224 -0.00432222 2.4458e-05 
-0.000292618 -0.00435488 2.4464e-05 
-0.000286905 -0.00438765 2.44678e-05 
-0.000281084 -0.00442052 2.44695e-05 
-0.000275152 -0.00445349 2.4469e-05 
-0.000269109 -0.00448657 2.44664e-05 
-0.000262954 -0.00451975 2.44615e-05 
-0.000256686 -0.00455304 2.44544e-05 
-0.000250302 -0.00458643 2.44451e-05 
-0.000243802 -0.00461992 2.44336e-05 
-0.000237185 -0.00465352 2.44197e-05 
-0.000230449 -0.00468722 2.44036e-05 
-0.000223593 -0.00472101 2.43852e-05 
-0.000216615 -0.00475491 2.43645e-05 
-0.000209516 -0.00478891 2.43415e-05 
-0.000202292 -0.00482301 2.43161e-05 
-0.000194944 -0.0048572 2.42884e-05 
-0.00018747 -0.00489149 2.42583e-05 
-0.000179868 -0.00492588 2.42258e-05 
-0.000172138 -0.00496036 2.41909e-05 
-0.000164278 -0.00499494 2.41536e-05 
-0.000156287 -0.00502961 2.41139e-05 
-0.000148165 -0.00506437 2.40717e-05 
-0.00013991 -0.00509922 2.40271e-05 
-0.00013152 -0.00513416 2.398e-05 
-0.000122996 -0.00516919 2.39304e-05 
-0.000114336 -0.00520431 2.38783e-05 
-0.000105538 -0.00523951 2.38237e-05 
-9.66035e-05 -0.0052748 2.37666e-05 
-8.753e-05 -0.00531017 2.37069e-05 
-7.8317e-05 -0.00534562 2.36446e-05 
-6.89638e-05 -0.00538116 2.35798e-05 
-5.94697e-05 -0.00541677 2.35124e-05 
-4.98339e-05 -0.00545246 2.34424e-05 
-4.00559e-05 -0.00548823 2.33698e-05 
-3.01351e-05 -0.00552407 2.32945e-05 
-2.00709e-05 -0.00555998 2.32166e-05 
-9.86282e-06 -0.00559597 2.31361e-05 
4.89523e-07 -0.00563203 2.30529e-05 
1.09865e-05 -0.00566815 2.2967e-05 
2.16286e-05 -0.00570435 2.28784e-05 
3.24159e-05 -0.00574061 2.2787e-05 
4.33487e-05 -0.00577693 2.2693e-05 
5.44272e-05 -0.00581332 2.25962e-05 
6.56515e-05 -0.00584977 2.24967e-05 
7.70218e-05 -0.00588628 2.23944e-05 
8.8538e-05 -0.00592285 2.22894e-05 
0.0001002 -0.00595948 2.21816e-05 
0.000112008 -0.00599616 2.20709e-05 
0.000123962 -0.0060329 2.19575e-05 
0.000136062 -0.00606969 2.18412e-05 
0.000148307 -0.00610654 2.17221e-05 
0.000160697 -0.00614343 2.16001e-05 
0.000173232 -0.00618038 2.14753e-05 
0.000185912 -0.00621737 2.13475e-05 
0.000198737 -0.00625441 2.1217e-05 
0.000211706 -0.0062915 2.10835e-05 
0.000224818 -0.00632863 2.09471e-05 
0.000238074 -0.00636581 2.08078e-05 
0.000251473 -0.00640303 2.06655e-05 
0.000265015 -0.0064403 2.05203e-05 
0.000278699 -0.0064776 2.03721e-05 
0.000292525 -0.00651495 2.0221e-05 
0.000306492 -0.00655234 2.00669e-05 
0.0003206 -0.00658977 1.99098e-05 
0.000334849 -0.00662724 1.97498e-05 
0.000349238 -0.00666474 1.95866e-05 
0.000363768 -0.00670229 1.94205e-05 
0.000378436 -0.00673987 1.92514e-05 
0.000393244 -0.00677748 1.90792e-05 
0.000408191 -0.00681514 1.89039e-05 
0.000423276 -0.00685283 1.87256e-05 
0.000438499 -0.00689056 1.85442e-05 
0.000453861 -0.00692832 1.83597e-05 
0.00046936 -0.00696612 1.81721e-05 
0.000484997 -0.00700395 1.79815e-05 
0.000500771 -0.00704181 1.77877e-05 
0.000516682 -0.00707971 1.75907e-05 
0.000532731 -0.00711765 1.73907e-05 
0.000548917 -0.00715562 1.71875e-05 
0.00056524 -0.00719362 1.69811e-05 
0.000581701 -0.00723166 1.67716e-05 
0.000598298 -0.00726973 1.65589e-05 
0.000615033 -0.00730783 1.6343e-05 
0.000631906 -0.00734597 1.6124e-05 
0.000648916 -0.00738414 1.59017e-05 
0.000666064 -0.00742234 1.56762e-05 
0.000683351 -0.00746057 1.54475e-05 
0.000700775 -0.00749884 1.52156e-05 
0.000718339 -0.00753714 1.49805e-05 
0.000736042 -0.00757547 1.47421e-05 
0.000753885 -0.00761384 1.45004e-05 
0.000771867 -0.00765224 1.42555e-05 
0.000789991 -0.00769067 1.40073e-05 
0.000808255 -0.00772913 1.37559e-05 
0.000826661 -0.00776762 1.35012e-05 
0.00084521 -0.00780614 1.32431e-05 
0.000863901 -0.00784469 1.29818e-05 
0.000882736 -0.00788327 1.27172e-05 
0.000901715 -0.00792189 1.24492e-05 
0.000920838 -0.00796053 1.2178e-05 
0.000940108 -0.0079992 1.19034e-05 
0.000959523 -0.0080379 1.16254e-05 
0.000979086 -0.00807663 1.13442e-05 
0.000998796 -0.00811538 1.10595e-05 
0.00101865 -0.00815416 1.07716e-05 
0.00103866 -0.00819297 1.04802e-05 
0.00105882 -0.0082318 1.01855e-05 
0.00107913 -0.00827066 9.88741e-06 
0.00109959 -0.00830954 9.58594e-06 
0.0011202 -0.00834845 9.28109e-06 
0.00114097 -0.00838737 8.97284e-06 
0.00116189 -0.00842632 8.66119e-06 
0.00118296 -0.00846529 8.34613e-06 
0.0012042 -0.00850428 8.02767e-06 
0.00122558 -0.00854329 7.70578e-06 
0.00124713 -0.00858231 7.38048e-06 
0.00126883 -0.00862135 7.05175e-06 
0.00129069 -0.00866041 6.71958e-06 
0.00131271 -0.00869948 6.38398e-06 
0.00133489 -0.00873856 6.04494e-06 
0.00135723 -0.00877765 5.70245e-06 
0.00137973 -0.00881676 5.35651e-06 
0.00140239 -0.00885587 5.00711e-06 
0.00142522 -0.00889499 4.65426e-06 
0.0014482 -0.00893412 4.29794e-06 
0.00147135 -0.00897325 3.93815e-06 
0.00149467 -0.00901239 3.57488e-06 
0.00151815 -0.00905152 3.20815e-06 
0.00154179 -0.00909066 2.83793e-06 
0.0015656 -0.0091298 2.46423e-06 
0.00158958 -0.00916893 2.08704e-06 
0.00161371 -0.00920806 1.70636e-06 
0.00163802 -0.00924718 1.32219e-06 
0.00166249 -0.00928629 9.34519e-07 
0.00168713 -0.0093254 5.43351e-07 
0.00171193 -0.0093645 1.48682e-07 
0.0017369 -0.00940358 -2.49491e-07 
0.00176203 -0.00944265 -6.51172e-07 
0.00178733 -0.0094817 -1.05636e-06 
0.0018128 -0.00952073 -1.46506e-06 
0.00183843 -0.00955975 -1.87728e-06 
0.00186423 -0.00959874 -2.29301e-06 
0.00189019 -0.00963771 -2.71225e-06 
0.00191632 -0.00967666 -3.13502e-06 
0.00194261 -0.00971559 -3.56131e-06 
0.00196906 -0.00975448 -3.99112e-06 
0.00199568 -0.00979335 -4.42445e-06 
0.00202246 -0.00983219 -4.8613e-06 
0.0020494 -0.00987099 -5.30168e-06 
0.0020765 -0.00990976 -5.74559e-06 
0.00210377 -0.0099485 -6.19302e-06 
0.00213119 -0.0099872 -6.64398e-06 
0.00215877 -0.0100259 -7.09846e-06 
0.00218651 -0.0100645 -7.55648e-06 
0.00221441 -0.0101031 -8.01802e-06 
0.00224247 -0.0101416 -8.48308e-06 
0.00227068 -0.0101801 -8.95168e-06 
0.00229904 -0.0102186 -9.4238e-06 
0.00232756 -0.010257 -9.89945e-06 
0.00235624 -0.0102954 -1.03786e-05 
0.00238506 -0.0103337 -1.08613e-05 
0.00241403 -0.010372 -1.13476e-05 
0.00244316 -0.0104102 -1.18373e-05 
0.00247244 -0.0104484 -1.23306e-05 
0.00250186 -0.0104865 -1.28274e-05 
0.00253143 -0.0105246 -1.33277e-05 
0.00256114 -0.0105626 -1.38315e-05 
0.00259101 -0.0106006 -1.43389e-05 
0.00262101 -0.0106385 -1.48497e-05 
0.00265116 -0.0106764 -1.53641e-05 
0.00268145 -0.0107142 -1.5882e-05 
0.00271189 -0.0107519 -1.64034e-05 
0.00274246 -0.0107896 -1.69283e-05 
0.00277317 -0.0108273 -1.74567e-05 
0.00280403 -0.0108649 -1.79886e-05 
0.00283502 -0.0109024 -1.8524e-05 
0.00286615 -0.0109399 -1.90629e-05 
0.00289741 -0.0109774 -1.96052e-05 
0.00292881 -0.0110147 -2.01511e-05 
0.00296035 -0.011052 -2.07005e-05 
0.00299203 -0.0110893 -2.12533e-05 
0.00302383 -0.0111265 -2.18097e-05 
0.00305578 -0.0111637 -2.23695e-05 
0.00308785 -0.0112008 -2.29327e-05 
0.00312006 -0.0112378 -2.34995e-05 
0.0031524 -0.0112748 -2.40697e-05 
0.00318487 -0.0113117 -2.46433e-05 
0.00321748 -0.0113485 -2.52204e-05 
0.00325022 -0.0113854 -2.5801e-05 
0.00328309 -0.0114221 -2.6385e-05 
0.00331609 -0.0114588 -2.69725e-05 
0.00334922 -0.0114954 -2.75634e-05 
0.00338248 -0.011532 -2.81577e-05 
0.00341587 -0.0115685 -2.87554e-05 
0.0034494 -0.011605 -2.93566e-05 
0.00348305 -0.0116414 -2.99612e-05 
0.00351684 -0.0116777 -3.05692e-05 
0.00355076 -0.011714 -3.11806e-05 
0.00358481 -0.0117502 -3.17954e-05 
0.00361899 -0.0117864 -3.24136e-05 
0.0036533 -0.0118225 -3.30351e-05 
0.00368774 -0.0118585 -3.36601e-05 
0.00372231 -0.0118945 -3.42884e-05 
0.00375702 -0.0119304 -3.49201e-05 
0.00379186 -0.0119663 -3.55552e-05 
0.00382683 -0.0120021 -3.61936e-05 
0.00386193 -0.0120378 -3.68354e-05 
0.00389716 -0.0120734 -3.74805e-05 
0.00393253 -0.0121091 -3.8129e-05 
0.00396803 -0.0121446 -3.87807e-05 
0.00400366 -0.0121801 -3.94358e-05 
0.00403943 -0.0122155 -4.00942e-05 
0.00407532 -0.0122508 -4.07559e-05 
0.00411136 -0.0122861 -4.1421e-05 
0.00414752 -0.0123213 -4.20893e-05 
0.00418382 -0.0123564 -4.27609e-05 
0.00422026 -0.0123915 -4.34357e-05 
0.00425683 -0.0124265 -4.41139e-05 
0.00429353 -0.0124614 -4.47952e-05 
0.00433037 -0.0124962 -4.54799e-05 
0.00436735 -0.012531 -4.61678e-05 
0.00440446 -0.0125657 -4.68589e-05 
0.0044417 -0.0126003 -4.75532e-05 
0.00447908 -0.0126349 -4.82508e-05 
0.00451659 -0.0126693 -4.89516e-05 
0.00455424 -0.0127037 -4.96555e-05 
0.00459203 -0.012738 -5.03627e-05 
0.00462994 -0.0127722 -5.1073e-05 
0.004668 -0.0128063 -5.17865e-05 
0.00470618 -0.0128404 -5.25032e-05 
0.00474451 -0.0128743 -5.3223e-05 
0.00478296 -0.0129082 -5.3946e-05 
0.00482155 -0.012942 -5.46721e-05 
0.00486028 -0.0129757 -5.54013e-05 
0.00489913 -0.0130093 -5.61336e-05 
0.00493812 -0.0130428 -5.68691e-05 
0.00497724 -0.0130762 -5.76076e-05 
0.0050165 -0.0131095 -5.83492e-05 
0.00505588 -0.0131427 -5.90939e-05 
0.00509539 -0.0131759 -5.98416e-05 
0.00513504 -0.0132089 -6.05924e-05 
0.00517481 -0.0132418 -6.13462e-05 
0.00521471 -0.0132746 -6.21031e-05 
0.00525474 -0.0133073 -6.2863e-05 
0.00529489 -0.0133399 -6.36258e-05 
0.00533517 -0.0133724 -6.43917e-05 
0.00537557 -0.0134048 -6.51606e-05 
0.0054161 -0.013437 -6.59324e-05 
0.00545675 -0.0134692 -6.67072e-05 
0.00549752 -0.0135013 -6.74849e-05 
0.00553841 -0.0135332 -6.82656e-05 
0.00557942 -0.013565 -6.90492e-05 
0.00562054 -0.0135967 -6.98357e-05 
0.00566179 -0.0136283 -7.06251e-05 
0.00570315 -0.0136598 -7.14174e-05 
0.00574462 -0.0136911 -7.22126e-05 
0.0057862 -0.0137223 -7.30107e-05 
0.0058279 -0.0137534 -7.38116e-05 
0.0058697 -0.0137844 -7.46153e-05 
0.00591161 -0.0138153 -7.54218e-05 
0.00595363 -0.013846 -7.62312e-05 
0.00599576 -0.0138767 -7.70434e-05 
0.00603798 -0.0139071 -7.78584e-05 
0.00608031 -0.0139375 -7.86761e-05 
0.00612274 -0.0139678 -7.94966e-05 
0.00616528 -0.0139979 -8.03198e-05 
0.0062079 -0.0140279 -8.11458e-05 
0.00625063 -0.0140577 -8.19745e-05 
0.00629345 -0.0140875 -8.28059e-05 
0.00633636 -0.0141171 -8.364e-05 
0.00637937 -0.0141466 -8.44768e-05 
0.00642247 -0.0141759 -8.53162e-05 
0.00646565 -0.0142051 -8.61583e-05 
0.00650893 -0.0142342 -8.7003e-05 
0.00655229 -0.0142632 -8.78504e-05 
0.00659574 -0.0142921 -8.87004e-05 
0.00663927 -0.0143208 -8.95529e-05 
0.00668289 -0.0143494 -9.04081e-05 
0.00672658 -0.0143778 -9.12658e-05 
0.00677036 -0.0144062 -9.21261e-05 
0.00681422 -0.0144344 -9.29889e-05 
0.00685816 -0.0144624 -9.38542e-05 
0.00690218 -0.0144904 -9.4722e-05 
0.00694627 -0.0145182 -9.55924e-05 
0.00699045 -0.0145459 -9.64652e-05 
0.00703469 -0.0145735 -9.73405e-05 
0.00707901 -0.014601 -9.82182e-05 
0.00712341 -0.0146283 -9.90983e-05 
0.00716788 -0.0146555 -9.99809e-05 
0.00721242 -0.0146826 -0.000100866 
0.00725703 -0.0147095 -0.000101753 
0.00730172 -0.0147364 -0.000102643 
0.00734647 -0.0147631 -0.000103535 
0.0073913 -0.0147896 -0.00010443 
0.00743619 -0.0148161 -0.000105326 
0.00748116 -0.0148424 -0.000106225 
0.00752619 -0.0148686 -0.000107127 
0.00757129 -0.0148947 -0.00010803 
0.00761647 -0.0149207 -0.000108936 
0.0076617 -0.0149466 -0.000109845 
0.00770701 -0.0149723 -0.000110755 
0.00775239 -0.0149979 -0.000111668 
0.00779783 -0.0150233 -0.000112582 
0.00784334 -0.0150487 -0.000113499 
0.00788891 -0.0150739 -0.000114419 
0.00793455 -0.015099 -0.00011534 
0.00798026 -0.015124 -0.000116263 
0.00802604 -0.0151489 -0.000117189 
0.00807188 -0.0151736 -0.000118117 
0.00811778 -0.0151983 -0.000119047 
0.00816376 -0.0152228 -0.000119978 
0.0082098 -0.0152471 -0.000120912 
0.0082559 -0.0152714 -0.000121848 
0.00830207 -0.0152955 -0.000122786 
0.00834831 -0.0153195 -0.000123726 
0.00839461 -0.0153434 -0.000124668 
0.00844097 -0.0153671 -0.000125612 
0.00848741 -0.0153908 -0.000126558 
0.0085339 -0.0154143 -0.000127506 
0.00858046 -0.0154377 -0.000128456 
0.00862709 -0.0154609 -0.000129407 
0.00867378 -0.015484 -0.000130361 
0.00872054 -0.015507 -0.000131316 
0.00876736 -0.0155299 -0.000132274 
0.00881424 -0.0155526 -0.000133233 
0.00886119 -0.0155752 -0.000134194 
0.0089082 -0.0155977 -0.000135156 
0.00895527 -0.01562 -0.000136121 
0.0090024 -0.0156422 -0.000137087 
0.0090496 -0.0156643 -0.000138055 
0.00909686 -0.0156863 -0.000139025 
0.00914418 -0.0157081 -0.000139997 
0.00919156 -0.0157297 -0.00014097 
0.009239 -0.0157513 -0.000141945 
0.00928651 -0.0157727 -0.000142921 
0.00933407 -0.0157939 -0.000143899 
0.00938168 -0.015815 -0.000144879 
0.00942936 -0.015836 -0.000145861 
0.00947709 -0.0158568 -0.000146844 
0.00952488 -0.0158775 -0.000147828 
0.00957272 -0.0158981 -0.000148814 
0.00962062 -0.0159185 -0.000149802 
0.00966857 -0.0159387 -0.000150791 
0.00971658 -0.0159589 -0.000151782 
0.00976463 -0.0159788 -0.000152774 
0.00981273 -0.0159986 -0.000153768 
0.00986089 -0.0160183 -0.000154763 
0.00990909 -0.0160378 -0.00015576 
0.00995733 -0.0160572 -0.000156758 
0.0100056 -0.0160764 -0.000157757 
0.010054 -0.0160955 -0.000158758 
0.0101023 -0.0161144 -0.00015976 
0.0101508 -0.0161332 -0.000160764 
0.0101992 -0.0161518 -0.000161768 
0.0102477 -0.0161702 -0.000162775 
0.0102963 -0.0161885 -0.000163782 
0.0103448 -0.0162067 -0.000164791 
0.0103934 -0.0162247 -0.000165801 
0.0104421 -0.0162425 -0.000166812 
0.0104907 -0.0162602 -0.000167824 
0.0105394 -0.0162777 -0.000168838 
0.0105881 -0.0162951 -0.000169853 
0.0106369 -0.0163123 -0.000170869 
0.0106857 -0.0163294 -0.000171886 
0.0107345 -0.0163462 -0.000172904 
0.0107833 -0.016363 -0.000173923 
0.0108321 -0.0163796 -0.000174944 
0.010881 -0.016396 -0.000175965 
0.0109298 -0.0164123 -0.000176988 
0.0109787 -0.0164284 -0.000178011 
0.0110276 -0.0164443 -0.000179036 
0.0110765 -0.0164601 -0.000180062 
0.0111255 -0.0164758 -0.000181088 
0.0111744 -0.0164913 -0.000182116 
0.0112233 -0.0165066 -0.000183144 
0.0112723 -0.0165218 -0.000184174 
0.0113212 -0.0165368 -0.000185204 
0.0113702 -0.0165517 -0.000186235 
0.0114191 -0.0165665 -0.000187267 
0.0114681 -0.016581 -0.0001883 
0.0115171 -0.0165955 -0.000189334 
0.011566 -0.0166097 -0.000190369 
0.011615 -0.0166239 -0.000191404 
0.0116639 -0.0166378 -0.00019244 
0.0117129 -0.0166517 -0.000193477 
0.0117618 -0.0166654 -0.000194515 
0.0118107 -0.0166789 -0.000195553 
0.0118597 -0.0166923 -0.000196592 
0.0119086 -0.0167055 -0.000197632 
0.0119575 -0.0167186 -0.000198673 
0.0120064 -0.0167316 -0.000199714 
0.0120553 -0.0167444 -0.000200756 
0.0121042 -0.0167571 -0.000201798 
0.0121531 -0.0167696 -0.000202841 
0.0122019 -0.016782 -0.000203885 
0.0122508 -0.0167943 -0.000204929 
0.0122996 -0.0168064 -0.000205974 
0.0123484 -0.0168184 -0.000207019 
0.0123972 -0.0168302 -0.000208064 
0.012446 -0.0168419 -0.000209111 
0.0124948 -0.0168535 -0.000210157 
0.0125436 -0.0168649 -0.000211205 
0.0125924 -0.0168762 -0.000212252 
0.0126411 -0.0168874 -0.0002133 
0.0126898 -0.0168984 -0.000214348 
0.0127385 -0.0169093 -0.000215397 
0.0127872 -0.0169201 -0.000216446 
0.0128359 -0.0169307 -0.000217496 
0.0128846 -0.0169412 -0.000218546 
0.0129332 -0.0169516 -0.000219596 
0.0129819 -0.0169618 -0.000220646 
0.0130305 -0.0169719 -0.000221697 
0.0130791 -0.0169819 -0.000222748 
0.0131277 -0.0169918 -0.000223799 
0.0131762 -0.0170015 -0.000224851 
0.0132248 -0.0170111 -0.000225902 
0.0132733 -0.0170205 -0.000226954 
0.0133219 -0.0170298 -0.000228006 
0.0133704 -0.017039 -0.000229058 
0.0134188 -0.0170481 -0.00023011 
0.0134673 -0.017057 -0.000231163 
0.0135158 -0.0170658 -0.000232215 
0.0135642 -0.0170745 -0.000233268 
0.0136126 -0.0170831 -0.000234321 
0.013661 -0.0170915 -0.000235373 
0.0137094 -0.0170997 -0.000236426 
0.0137578 -0.0171079 -0.000237479 
0.0138062 -0.0171159 -0.000238531 
0.0138545 -0.0171238 -0.000239584 
0.0139028 -0.0171316 -0.000240637 
0.0139511 -0.0171392 -0.000241689 
0.0139994 -0.0171467 -0.000242742 
0.0140477 -0.017154 -0.000243794 
0.0140959 -0.0171612 -0.000244847 
0.0141441 -0.0171683 -0.000245899 
0.0141923 -0.0171753 -0.000246951 
0.0142405 -0.0171821 -0.000248003 
0.0142887 -0.0171888 -0.000249054 
0.0143368 -0.0171953 -0.000250106 
0.0143849 -0.0172017 -0.000251157 
0.014433 -0.017208 -0.000252208 
0.014481 -0.0172141 -0.000253259 
0.0145291 -0.0172201 -0.00025431 
0.0145771 -0.017226 -0.00025536 
0.0146251 -0.0172317 -0.00025641 
0.014673 -0.0172373 -0.00025746 
0.014721 -0.0172427 -0.000258509 
0.0147689 -0.017248 -0.000259558 
0.0148167 -0.0172532 -0.000260607 
0.0148646 -0.0172582 -0.000261655 
0.0149124 -0.0172631 -0.000262703 
0.0149601 -0.0172678 -0.00026375 
0.0150079 -0.0172724 -0.000264797 
0.0150556 -0.0172769 -0.000265844 
0.0151032 -0.0172812 -0.00026689 
0.0151508 -0.0172854 -0.000267935 
0.0151984 -0.0172894 -0.000268981 
0.0152459 -0.0172933 -0.000270025 
0.0152934 -0.017297 -0.000271069 
0.0153409 -0.0173006 -0.000272113 
0.0153883 -0.0173041 -0.000273156 
0.0154356 -0.0173074 -0.000274198 
0.0154829 -0.0173106 -0.00027524 
0.0155302 -0.0173136 -0.000276281 
0.0155774 -0.0173165 -0.000277322 
0.0156245 -0.0173193 -0.000278362 
0.0156716 -0.0173219 -0.000279401 
0.0157186 -0.0173243 -0.000280439 
0.0157656 -0.0173267 -0.000281477 
0.0158125 -0.0173289 -0.000282514 
0.0158594 -0.0173309 -0.000283551 
0.0159062 -0.0173329 -0.000284587 
0.0159529 -0.0173346 -0.000285622 
0.0159996 -0.0173363 -0.000286656 
0.0160462 -0.0173378 -0.000287689 
0.0160927 -0.0173392 -0.000288722 
0.0161392 -0.0173404 -0.000289754 
0.0161856 -0.0173416 -0.000290784 
0.0162319 -0.0173425 -0.000291815 
0.0162782 -0.0173434 -0.000292844 
0.0163243 -0.0173441 -0.000293872 
0.0163705 -0.0173447 -0.0002949 
0.0164165 -0.0173452 -0.000295926 
0.0164624 -0.0173455 -0.000296952 
0.0165083 -0.0173458 -0.000297976 
0.0165541 -0.0173459 -0.000299 
0.0165999 -0.0173458 -0.000300023 
0.0166455 -0.0173457 -0.000301045 
0.0166911 -0.0173454 -0.000302065 
0.0167366 -0.017345 -0.000303085 
0.016782 -0.0173445 -0.000304104 
0.0168274 -0.0173439 -0.000305122 
0.0168726 -0.0173432 -0.000306138 
0.0169178 -0.0173423 -0.000307154 
0.0169629 -0.0173414 -0.000308168 
0.0170079 -0.0173403 -0.000309181 
0.0170528 -0.0173391 -0.000310194 
0.0170977 -0.0173378 -0.000311205 
0.0171424 -0.0173364 -0.000312215 
0.0171871 -0.0173349 -0.000313223 
0.0172317 -0.0173332 -0.000314231 
0.0172762 -0.0173315 -0.000315237 
0.0173207 -0.0173297 -0.000316243 
0.017365 -0.0173277 -0.000317247 
0.0174093 -0.0173257 -0.000318249 
0.0174535 -0.0173235 -0.000319251 
0.0174976 -0.0173213 -0.000320251 
0.0175416 -0.0173189 -0.00032125 
0.0175855 -0.0173165 -0.000322248 
0.0176294 -0.0173139 -0.000323244 
0.0176732 -0.0173113 -0.000324239 
0.0177169 -0.0173085 -0.000325233 
0.0177605 -0.0173057 -0.000326225 
0.017804 -0.0173028 -0.000327216 
0.0178474 -0.0172997 -0.000328206 
0.0178908 -0.0172966 -0.000329194 
0.0179341 -0.0172933 -0.000330181 
0.0179773 -0.01729 -0.000331166 
0.0180204 -0.0172866 -0.000332151 
0.0180635 -0.0172831 -0.000333133 
0.0181064 -0.0172795 -0.000334114 
0.0181493 -0.0172758 -0.000335094 
0.0181921 -0.017272 -0.000336072 
0.0182348 -0.0172681 -0.000337049 
0.0182775 -0.0172641 -0.000338024 
0.01832 -0.01726 -0.000338998 
0.0183625 -0.0172558 -0.00033997 
0.0184049 -0.0172516 -0.00034094 
0.0184472 -0.0172472 -0.00034191 
0.0184895 -0.0172427 -0.000342877 
0.0185316 -0.0172382 -0.000343843 
0.0185737 -0.0172336 -0.000344807 
0.0186157 -0.0172288 -0.00034577 
0.0186576 -0.017224 -0.000346731 
0.0186995 -0.0172191 -0.000347691 
0.0187412 -0.017214 -0.000348648 
0.0187829 -0.0172089 -0.000349605 
0.0188245 -0.0172037 -0.000350559 
0.018866 -0.0171984 -0.000351512 
0.0189075 -0.017193 -0.000352463 
0.0189488 -0.0171875 -0.000353412 
0.0189901 -0.0171819 -0.00035436 
0.0190313 -0.0171763 -0.000355306 
0.0190724 -0.0171705 -0.00035625 
0.0191134 -0.0171646 -0.000357193 
0.0191543 -0.0171586 -0.000358134 
0.0191952 -0.0171526 -0.000359073 
0.019236 -0.0171464 -0.00036001 
0.0192766 -0.0171401 -0.000360945 
0.0193172 -0.0171338 -0.000361879 
0.0193577 -0.0171273 -0.000362811 
0.0193981 -0.0171208 -0.00036374 
0.0194385 -0.0171141 -0.000364669 
0.0194787 -0.0171074 -0.000365595 
0.0195188 -0.0171005 -0.000366519 
0.0195589 -0.0170936 -0.000367442 
0.0195988 -0.0170866 -0.000368362 
0.0196387 -0.0170794 -0.000369281 
0.0196784 -0.0170722 -0.000370198 
0.0197181 -0.0170649 -0.000371113 
0.0197577 -0.0170574 -0.000372026 
0.0197971 -0.0170499 -0.000372937 
0.0198365 -0.0170423 -0.000373846 
0.0198758 -0.0170346 -0.000374753 
0.0199149 -0.0170268 -0.000375658 
0.019954 -0.0170189 -0.000376561 
0.0199929 -0.0170109 -0.000377462 
0.0200318 -0.0170028 -0.000378361 
0.0200705 -0.0169947 -0.000379258 
0.0201091 -0.0169864 -0.000380153 
0.0201476 -0.016978 -0.000381046 
0.0201861 -0.0169696 -0.000381937 
0.0202244 -0.0169611 -0.000382826 
0.0202625 -0.0169525 -0.000383713 
0.0203006 -0.0169438 -0.000384598 
0.0203386 -0.016935 -0.000385481 
0.0203764 -0.0169261 -0.000386361 
0.0204141 -0.0169171 -0.00038724 
0.0204517 -0.0169081 -0.000388116 
0.0204892 -0.016899 -0.000388991 
0.0205266 -0.0168898 -0.000389863 
0.0205638 -0.0168805 -0.000390733 
0.020601 -0.0168711 -0.000391601 
0.020638 -0.0168617 -0.000392466 
0.0206749 -0.0168522 -0.00039333 
0.0207116 -0.0168426 -0.000394191 
0.0207483 -0.016833 -0.00039505 
0.0207848 -0.0168232 -0.000395907 
0.0208212 -0.0168134 -0.000396762 
0.0208575 -0.0168036 -0.000397614 
0.0208936 -0.0167936 -0.000398464 
0.0209296 -0.0167836 -0.000399312 
0.0209655 -0.0167736 -0.000400158 
0.0210013 -0.0167635 -0.000401002 
0.021037 -0.0167533 -0.000401843 
0.0210725 -0.016743 -0.000402682 
0.0211079 -0.0167327 -0.000403519 
0.0211432 -0.0167224 -0.000404353 
0.0211783 -0.0167119 -0.000405185 
0.0212134 -0.0167015 -0.000406015 
0.0212483 -0.0166909 -0.000406842 
0.0212831 -0.0166804 -0.000407667 
0.0213177 -0.0166697 -0.00040849 
0.0213523 -0.016659 -0.000409311 
0.0213867 -0.0166483 -0.000410129 
0.021421 -0.0166375 -0.000410945 
0.0214551 -0.0166267 -0.000411758 
0.0214892 -0.0166158 -0.000412569 
0.0215231 -0.0166049 -0.000413378 
0.0215569 -0.0165939 -0.000414184 
0.0215906 -0.0165829 -0.000414988 
0.0216241 -0.0165718 -0.000415789 
0.0216576 -0.0165607 -0.000416588 
0.0216909 -0.0165496 -0.000417385 
0.0217241 -0.0165384 -0.000418179 
0.0217572 -0.0165271 -0.000418971 
0.0217902 -0.0165159 -0.00041976 
0.021823 -0.0165046 -0.000420547 
0.0218557 -0.0164932 -0.000421332 
0.0218883 -0.0164818 -0.000422114 
0.0219208 -0.0164704 -0.000422893 
0.0219532 -0.0164589 -0.00042367 
0.0219855 -0.0164474 -0.000424445 
0.0220176 -0.0164359 -0.000425217 
0.0220497 -0.0164243 -0.000425986 
0.0220816 -0.0164127 -0.000426753 
0.0221134 -0.016401 -0.000427518 
0.0221451 -0.0163894 -0.00042828 
0.0221767 -0.0163776 -0.000429039 
0.0222082 -0.0163659 -0.000429796 
0.0222395 -0.0163541 -0.000430551 
0.0222708 -0.0163422 -0.000431303 
0.0223019 -0.0163304 -0.000432052 
0.0223329 -0.0163185 -0.000432799 
0.0223638 -0.0163065 -0.000433543 
0.0223946 -0.0162946 -0.000434285 
0.0224253 -0.0162825 -0.000435024 
0.0224559 -0.0162705 -0.00043576 
0.0224863 -0.0162584 -0.000436494 
0.0225167 -0.0162463 -0.000437225 
0.0225469 -0.0162341 -0.000437954 
0.0225771 -0.0162219 -0.00043868 
0.0226071 -0.0162097 -0.000439404 
0.022637 -0.0161974 -0.000440125 
0.0226668 -0.0161851 -0.000440843 
0.0226965 -0.0161728 -0.000441559 
0.0227261 -0.0161604 -0.000442272 
0.0227555 -0.016148 -0.000442982 
0.0227849 -0.0161355 -0.00044369 
0.0228141 -0.016123 -0.000444395 
0.0228432 -0.0161105 -0.000445097 
0.0228722 -0.016098 -0.000445797 
0.0229011 -0.0160853 -0.000446494 
0.0229299 -0.0160727 -0.000447189 
0.0229585 -0.01606 -0.000447881 
0.022987 -0.0160473 -0.00044857 
0.0230155 -0.0160346 -0.000449256 
0.0230438 -0.0160218 -0.00044994 
0.0230719 -0.0160089 -0.000450621 
0.0231 -0.0159961 -0.000451299 
0.0231279 -0.0159832 -0.000451975 
0.0231557 -0.0159702 -0.000452648 
0.0231834 -0.0159573 -0.000453318 
0.023211 -0.0159443 -0.000453986 
0.0232385 -0.0159312 -0.000454651 
0.0232658 -0.0159181 -0.000455313 
0.023293 -0.015905 -0.000455972 
0.02332 -0.0158919 -0.000456629 
0.023347 -0.0158787 -0.000457282 
0.0233738 -0.0158655 -0.000457934 
0.0234005 -0.0158523 -0.000458582 
0.023427 -0.015839 -0.000459228 
0.0234534 -0.0158257 -0.000459871 
0.0234797 -0.0158124 -0.000460511 
0.0235059 -0.0157991 -0.000461148 
0.0235319 -0.0157857 -0.000461783 
0.0235578 -0.0157723 -0.000462415 
0.0235835 -0.0157589 -0.000463044 
0.0236091 -0.0157455 -0.00046367 
0.0236346 -0.015732 -0.000464293 
0.02366 -0.0157185 -0.000464914 
0.0236852 -0.015705 -0.000465532 
0.0237103 -0.0156915 -0.000466147 
0.0237352 -0.015678 -0.00046676 
0.02376 -0.0156644 -0.000467369 
0.0237847 -0.0156509 -0.000467976 
0.0238092 -0.0156373 -0.00046858 
0.0238336 -0.0156237 -0.000469181 
0.0238578 -0.0156101 -0.00046978 
0.0238819 -0.0155965 -0.000470375 
0.0239059 -0.0155829 -0.000470968 
0.0239297 -0.0155693 -0.000471558 
0.0239534 -0.0155557 -0.000472145 
0.023977 -0.0155421 -0.000472729 
0.0240004 -0.0155284 -0.000473311 
0.0240236 -0.0155148 -0.000473889 
0.0240468 -0.0155012 -0.000474465 
0.0240698 -0.0154876 -0.000475038 
0.0240927 -0.015474 -0.000475608 
0.0241154 -0.0154604 -0.000476176 
0.024138 -0.0154468 -0.00047674 
0.0241604 -0.0154332 -0.000477302 
0.0241827 -0.0154196 -0.00047786 
0.0242049 -0.015406 -0.000478416 
0.024227 -0.0153924 -0.000478969 
0.0242489 -0.0153789 -0.00047952 
0.0242707 -0.0153653 -0.000480067 
0.0242923 -0.0153518 -0.000480612 
0.0243138 -0.0153383 -0.000481153 
0.0243352 -0.0153248 -0.000481692 
0.0243565 -0.0153113 -0.000482228 
0.0243776 -0.0152978 -0.000482761 
0.0243986 -0.0152844 -0.000483292 
0.0244195 -0.015271 -0.000483819 
0.0244402 -0.0152576 -0.000484344 
0.0244608 -0.0152442 -0.000484865 
0.0244813 -0.0152308 -0.000485384 
0.0245017 -0.0152175 -0.0004859 
0.0245219 -0.0152041 -0.000486413 
0.024542 -0.0151908 -0.000486923 
0.024562 -0.0151776 -0.000487431 
0.0245819 -0.0151643 -0.000487935 
0.0246016 -0.0151511 -0.000488437 
0.0246213 -0.0151379 -0.000488936 
0.0246408 -0.0151247 -0.000489431 
0.0246601 -0.0151116 -0.000489924 
0.0246794 -0.0150984 -0.000490415 
0.0246985 -0.0150853 -0.000490902 
0.0247176 -0.0150722 -0.000491386 
0.0247365 -0.0150592 -0.000491868 
0.0247553 -0.0150462 -0.000492346 
0.024774 -0.0150332 -0.000492822 
0.0247925 -0.0150202 -0.000493295 
0.024811 -0.0150072 -0.000493765 
0.0248293 -0.0149943 -0.000494232 
0.0248475 -0.0149814 -0.000494697 
0.0248656 -0.0149685 -0.000495158 
0.0248836 -0.0149557 -0.000495616 
