-3.15664e-11 -5.63642e-11 9.52986e-13 
-3.21133e-07 -5.75471e-07 9.70328e-09 
-1.26842e-06 -2.28111e-06 3.83585e-08 
-2.83682e-06 -5.11987e-06 8.58604e-08 
-5.02128e-06 -9.09466e-06 1.52102e-07 
-7.81679e-06 -1.42084e-05 2.36976e-07 
-1.12183e-05 -2.0464e-05 3.40375e-07 
-1.52209e-05 -2.78643e-05 4.6219e-07 
-1.98195e-05 -3.64124e-05 6.02313e-07 
-2.50093e-05 -4.61111e-05 7.60633e-07 
-3.07852e-05 -5.69634e-05 9.37041e-07 
-3.71424e-05 -6.89722e-05 1.13143e-06 
-4.40758e-05 -8.21407e-05 1.34368e-06 
-5.15807e-05 -9.64718e-05 1.57368e-06 
-5.96519e-05 -0.000111968 1.82133e-06 
-6.82847e-05 -0.000128634 2.08651e-06 
-7.74741e-05 -0.000146471 2.3691e-06 
-8.72151e-05 -0.000165483 2.669e-06 
-9.75028e-05 -0.000185673 2.98608e-06 
-0.000108332 -0.000207045 3.32024e-06 
-0.000119698 -0.0002296 3.67136e-06 
-0.000131596 -0.000253344 4.03931e-06 
-0.000144021 -0.000278278 4.424e-06 
-0.000156967 -0.000304406 4.82529e-06 
-0.00017043 -0.000331732 5.24307e-06 
-0.000184404 -0.000360259 5.67723e-06 
-0.000198884 -0.000389989 6.12764e-06 
-0.000213866 -0.000420927 6.59419e-06 
-0.000229343 -0.000453076 7.07675e-06 
-0.000245311 -0.000486439 7.57521e-06 
-0.000261764 -0.00052102 8.08944e-06 
-0.000278696 -0.000556821 8.61933e-06 
-0.000296103 -0.000593848 9.16475e-06 
-0.000313979 -0.000632101 9.72557e-06 
-0.000332317 -0.000671587 1.03017e-05 
-0.000351114 -0.000712307 1.0893e-05 
-0.000370362 -0.000754265 1.14993e-05 
-0.000390057 -0.000797465 1.21205e-05 
-0.000410192 -0.00084191 1.27565e-05 
-0.000430761 -0.000887603 1.34072e-05 
-0.000451759 -0.000934548 1.40725e-05 
-0.00047318 -0.000982748 1.47521e-05 
-0.000495017 -0.00103221 1.5446e-05 
-0.000517265 -0.00108293 1.61541e-05 
-0.000539916 -0.00113491 1.68762e-05 
-0.000562966 -0.00118817 1.76122e-05 
-0.000586408 -0.00124269 1.8362e-05 
-0.000610235 -0.0012985 1.91255e-05 
-0.00063444 -0.00135557 1.99024e-05 
-0.000659018 -0.00141394 2.06927e-05 
-0.000683962 -0.00147358 2.14963e-05 
-0.000709266 -0.00153451 2.2313e-05 
-0.000734921 -0.00159674 2.31427e-05 
-0.000760923 -0.00166025 2.39852e-05 
-0.000787264 -0.00172506 2.48405e-05 
-0.000813937 -0.00179118 2.57083e-05 
-0.000840936 -0.00185859 2.65886e-05 
-0.000868253 -0.00192731 2.74813e-05 
-0.000895881 -0.00199733 2.83861e-05 
-0.000923814 -0.00206867 2.93029e-05 
-0.000952045 -0.00214132 3.02317e-05 
-0.000980566 -0.00221528 3.11722e-05 
-0.00100937 -0.00229056 3.21244e-05 
-0.00103845 -0.00236716 3.30881e-05 
-0.0010678 -0.00244508 3.40631e-05 
-0.00109741 -0.00252433 3.50494e-05 
-0.00112728 -0.0026049 3.60467e-05 
-0.00115739 -0.0026868 3.7055e-05 
-0.00118774 -0.00277003 3.80741e-05 
-0.00121833 -0.0028546 3.91039e-05 
-0.00124914 -0.00294049 4.01442e-05 
-0.00128017 -0.00302773 4.11948e-05 
-0.0013114 -0.0031163 4.22557e-05 
-0.00134285 -0.00320621 4.33267e-05 
-0.00137448 -0.00329747 4.44077e-05 
-0.00140631 -0.00339006 4.54985e-05 
-0.00143832 -0.003484 4.65989e-05 
-0.0014705 -0.00357929 4.77089e-05 
-0.00150284 -0.00367592 4.88282e-05 
-0.00153535 -0.0037739 4.99568e-05 
-0.001568 -0.00387323 5.10944e-05 
-0.0016008 -0.00397391 5.2241e-05 
-0.00163374 -0.00407594 5.33964e-05 
-0.00166681 -0.00417932 5.45604e-05 
-0.0017 -0.00428406 5.57329e-05 
-0.0017333 -0.00439015 5.69138e-05 
-0.00176671 -0.00449759 5.81029e-05 
-0.00180022 -0.00460639 5.93e-05 
-0.00183382 -0.00471655 6.05051e-05 
-0.00186751 -0.00482806 6.17179e-05 
-0.00190127 -0.00494093 6.29383e-05 
-0.00193511 -0.00505516 6.41661e-05 
-0.00196901 -0.00517075 6.54013e-05 
-0.00200297 -0.00528769 6.66436e-05 
-0.00203697 -0.005406 6.78929e-05 
-0.00207102 -0.00552566 6.9149e-05 
-0.00210511 -0.00564668 7.04118e-05 
-0.00213922 -0.00576907 7.16812e-05 
-0.00217335 -0.00589281 7.2957e-05 
-0.0022075 -0.00601791 7.42389e-05 
-0.00224166 -0.00614438 7.5527e-05 
-0.00227581 -0.0062722 7.6821e-05 
-0.00230996 -0.00640138 7.81207e-05 
-0.0023441 -0.00653193 7.94261e-05 
-0.00237822 -0.00666384 8.07369e-05 
-0.00241231 -0.00679711 8.2053e-05 
-0.00244637 -0.00693173 8.33743e-05 
-0.00248039 -0.00706772 8.47005e-05 
-0.00251436 -0.00720507 8.60315e-05 
-0.00254828 -0.00734379 8.73673e-05 
-0.00258214 -0.00748386 8.87075e-05 
-0.00261593 -0.00762529 9.00521e-05 
-0.00264965 -0.00776809 9.14008e-05 
-0.00268329 -0.00791224 9.27536e-05 
-0.00271684 -0.00805776 9.41103e-05 
-0.0027503 -0.00820464 9.54706e-05 
-0.00278366 -0.00835288 9.68346e-05 
-0.00281692 -0.00850248 9.82019e-05 
-0.00285006 -0.00865345 9.95724e-05 
-0.00288309 -0.00880577 0.000100946 
-0.00291599 -0.00895946 0.000102322 
-0.00294876 -0.00911451 0.000103702 
-0.00298139 -0.00927092 0.000105083 
-0.00301387 -0.0094287 0.000106468 
-0.00304621 -0.00958783 0.000107854 
-0.00307838 -0.00974833 0.000109243 
-0.00311039 -0.0099102 0.000110633 
-0.00314223 -0.0100734 0.000112025 
-0.00317389 -0.010238 0.000113419 
-0.00320537 -0.010404 0.000114814 
-0.00323665 -0.0105713 0.000116211 
-0.00326774 -0.01074 0.000117608 
-0.00329862 -0.01091 0.000119007 
-0.00332929 -0.0110814 0.000120406 
-0.00335974 -0.0112542 0.000121806 
-0.00338996 -0.0114283 0.000123206 
-0.00341995 -0.0116038 0.000124607 
-0.0034497 -0.0117807 0.000126007 
-0.0034792 -0.0119589 0.000127408 
-0.00350845 -0.0121385 0.000128808 
-0.00353744 -0.0123195 0.000130208 
-0.00356616 -0.0125018 0.000131607 
-0.0035946 -0.0126855 0.000133006 
-0.00362276 -0.0128706 0.000134403 
-0.00365063 -0.013057 0.0001358 
-0.0036782 -0.0132448 0.000137195 
-0.00370546 -0.0134339 0.000138588 
-0.00373241 -0.0136245 0.000139981 
-0.00375904 -0.0138164 0.000141371 
-0.00378535 -0.0140096 0.000142759 
-0.00381131 -0.0142042 0.000144145 
-0.00383693 -0.0144002 0.000145529 
-0.0038622 -0.0145975 0.000146911 
-0.00388711 -0.0147962 0.00014829 
-0.00391165 -0.0149963 0.000149666 
-0.00393582 -0.0151977 0.000151039 
-0.0039596 -0.0154005 0.000152409 
-0.00398299 -0.0156047 0.000153775 
-0.00400598 -0.0158102 0.000155138 
-0.00402857 -0.0160171 0.000156497 
-0.00405074 -0.0162253 0.000157853 
-0.00407248 -0.0164349 0.000159204 
-0.00409379 -0.0166458 0.000160551 
-0.00411467 -0.0168581 0.000161894 
-0.00413509 -0.0170718 0.000163232 
-0.00415506 -0.0172868 0.000164566 
-0.00417457 -0.0175031 0.000165895 
-0.0041936 -0.0177208 0.000167218 
-0.00421215 -0.0179398 0.000168536 
-0.00423021 -0.0181602 0.000169849 
-0.00424778 -0.018382 0.000171156 
-0.00426484 -0.018605 0.000172458 
-0.00428138 -0.0188295 0.000173753 
-0.00429741 -0.0190552 0.000175042 
-0.0043129 -0.0192823 0.000176325 
-0.00432786 -0.0195107 0.000177602 
-0.00434227 -0.0197405 0.000178872 
-0.00435612 -0.0199716 0.000180134 
-0.00436941 -0.020204 0.00018139 
-0.00438213 -0.0204377 0.000182639 
-0.00439427 -0.0206727 0.00018388 
-0.00440582 -0.0209091 0.000185114 
-0.00441678 -0.0211468 0.00018634 
-0.00442714 -0.0213858 0.000187558 
-0.00443688 -0.0216261 0.000188768 
-0.004446 -0.0218677 0.00018997 
-0.0044545 -0.0221106 0.000191163 
-0.00446236 -0.0223548 0.000192348 
-0.00446958 -0.0226004 0.000193523 
-0.00447614 -0.0228472 0.00019469 
-0.00448205 -0.0230953 0.000195848 
-0.00448729 -0.0233446 0.000196996 
-0.00449186 -0.0235953 0.000198135 
-0.00449574 -0.0238473 0.000199264 
-0.00449894 -0.0241005 0.000200383 
-0.00450144 -0.024355 0.000201492 
-0.00450323 -0.0246108 0.000202591 
-0.00450432 -0.0248678 0.00020368 
-0.00450468 -0.0251261 0.000204757 
-0.00450431 -0.0253856 0.000205824 
-0.00450322 -0.0256464 0.000206881 
-0.00450138 -0.0259085 0.000207926 
-0.00449879 -0.0261718 0.000208959 
-0.00449545 -0.0264363 0.000209981 
-0.00449134 -0.0267021 0.000210992 
-0.00448647 -0.0269691 0.000211991 
-0.00448082 -0.0272374 0.000212977 
-0.00447439 -0.0275068 0.000213952 
-0.00446716 -0.0277775 0.000214914 
-0.00445914 -0.0280494 0.000215863 
-0.00445032 -0.0283225 0.0002168 
-0.00444068 -0.0285969 0.000217724 
-0.00443023 -0.0288724 0.000218635 
-0.00441895 -0.0291491 0.000219532 
-0.00440685 -0.029427 0.000220416 
-0.0043939 -0.0297062 0.000221287 
-0.00438012 -0.0299865 0.000222143 
-0.00436548 -0.0302679 0.000222986 
-0.00434999 -0.0305506 0.000223814 
-0.00433364 -0.0308345 0.000224628 
-0.00431641 -0.0311195 0.000225428 
-0.00429832 -0.0314056 0.000226213 
-0.00427934 -0.031693 0.000226983 
-0.00425947 -0.0319815 0.000227738 
-0.0042387 -0.0322711 0.000228478 
-0.00421704 -0.0325619 0.000229202 
-0.00419447 -0.0328539 0.000229911 
-0.00417099 -0.033147 0.000230604 
-0.00414658 -0.0334412 0.000231281 
-0.00412125 -0.0337366 0.000231942 
-0.00409499 -0.0340331 0.000232587 
-0.00406779 -0.0343307 0.000233215 
-0.00403964 -0.0346294 0.000233827 
-0.00401055 -0.0349293 0.000234422 
-0.00398049 -0.0352302 0.000235 
-0.00394947 -0.0355323 0.00023556 
-0.00391748 -0.0358355 0.000236104 
-0.00388451 -0.0361397 0.00023663 
-0.00385056 -0.0364451 0.000237138 
-0.00381562 -0.0367516 0.000237628 
-0.00377969 -0.0370591 0.000238101 
-0.00374274 -0.0373677 0.000238555 
-0.00370479 -0.0376774 0.000238991 
-0.00366583 -0.0379882 0.000239408 
-0.00362584 -0.0383001 0.000239807 
-0.00358482 -0.038613 0.000240186 
-0.00354277 -0.0389269 0.000240547 
-0.00349967 -0.039242 0.000240889 
-0.00345552 -0.039558 0.000241211 
-0.00341032 -0.0398752 0.000241513 
-0.00336405 -0.0401933 0.000241796 
-0.00331672 -0.0405125 0.000242059 
-0.00326831 -0.0408328 0.000242302 
-0.00321881 -0.041154 0.000242525 
-0.00316823 -0.0414763 0.000242727 
-0.00311655 -0.0417996 0.000242909 
-0.00306376 -0.0421239 0.000243069 
-0.00300987 -0.0424492 0.00024321 
-0.00295486 -0.0427755 0.000243329 
-0.00289872 -0.0431028 0.000243426 
-0.00284146 -0.0434311 0.000243503 
-0.00278306 -0.0437604 0.000243557 
-0.00272351 -0.0440906 0.000243591 
-0.00266281 -0.0444218 0.000243602 
-0.00260096 -0.044754 0.000243591 
-0.00253794 -0.0450872 0.000243558 
-0.00247374 -0.0454213 0.000243502 
-0.00240838 -0.0457563 0.000243424 
-0.00234182 -0.0460923 0.000243324 
-0.00227408 -0.0464293 0.0002432 
-0.00220513 -0.0467671 0.000243054 
-0.00213499 -0.0471059 0.000242884 
-0.00206363 -0.0474456 0.000242691 
-0.00199105 -0.0477862 0.000242474 
-0.00191725 -0.0481278 0.000242234 
-0.00184222 -0.0484702 0.00024197 
-0.00176595 -0.0488135 0.000241682 
-0.00168843 -0.0491577 0.00024137 
-0.00160967 -0.0495027 0.000241033 
-0.00152965 -0.0498487 0.000240672 
-0.00144837 -0.0501955 0.000240287 
-0.00136582 -0.0505431 0.000239877 
-0.00128199 -0.0508916 0.000239442 
-0.00119689 -0.051241 0.000238982 
-0.00111049 -0.0515912 0.000238496 
-0.00102281 -0.0519422 0.000237986 
-0.00093382 -0.052294 0.000237449 
-0.00084353 -0.0526466 0.000236888 
-0.000751929 -0.053 0.0002363 
-0.000659011 -0.0533543 0.000235686 
-0.000564772 -0.0537093 0.000235047 
-0.000469205 -0.0540651 0.000234381 
-0.000372306 -0.0544217 0.000233688 
-0.000274069 -0.054779 0.00023297 
-0.000174488 -0.0551371 0.000232224 
-7.3558e-05 -0.0554959 0.000231452 
2.87253e-05 -0.0558555 0.000230652 
0.000132367 -0.0562158 0.000229826 
0.000237373 -0.0565768 0.000228972 
0.000343747 -0.0569386 0.000228091 
0.000451495 -0.057301 0.000227183 
0.000560621 -0.0576642 0.000226246 
0.000671129 -0.058028 0.000225282 
0.000783024 -0.0583925 0.00022429 
0.000896311 -0.0587577 0.00022327 
0.00101099 -0.0591236 0.000222222 
0.00112708 -0.0594901 0.000221145 
0.00124456 -0.0598572 0.00022004 
0.00136346 -0.060225 0.000218907 
0.00148376 -0.0605934 0.000217744 
0.00160549 -0.0609625 0.000216553 
0.00172863 -0.0613321 0.000215332 
0.00185319 -0.0617024 0.000214083 
0.00197919 -0.0620733 0.000212804 
0.00210661 -0.0624447 0.000211496 
0.00223547 -0.0628167 0.000210158 
0.00236576 -0.0631893 0.000208791 
0.0024975 -0.0635625 0.000207394 
0.00263068 -0.0639362 0.000205967 
0.00276531 -0.0643104 0.00020451 
0.00290139 -0.0646852 0.000203022 
0.00303892 -0.0650606 0.000201505 
0.00317791 -0.0654364 0.000199957 
0.00331836 -0.0658127 0.000198379 
0.00346027 -0.0661896 0.00019677 
0.00360364 -0.0665669 0.00019513 
0.00374849 -0.0669448 0.00019346 
0.00389481 -0.0673231 0.000191758 
0.0040426 -0.0677019 0.000190026 
0.00419186 -0.0680811 0.000188262 
0.00434261 -0.0684608 0.000186467 
0.00449484 -0.0688409 0.00018464 
0.00464855 -0.0692215 0.000182782 
0.00480375 -0.0696025 0.000180893 
0.00496045 -0.0699839 0.000178971 
0.00511863 -0.0703658 0.000177018 
0.00527831 -0.070748 0.000175033 
0.00543949 -0.0711306 0.000173016 
0.00560216 -0.0715137 0.000170967 
0.00576634 -0.0718971 0.000168885 
0.00593203 -0.0722808 0.000166771 
0.00609922 -0.072665 0.000164624 
0.00626793 -0.0730495 0.000162445 
0.00643815 -0.0734343 0.000160234 
0.00660988 -0.0738195 0.000157989 
0.00678313 -0.074205 0.000155712 
0.0069579 -0.0745908 0.000153402 
0.0071342 -0.0749769 0.000151059 
0.00731202 -0.0753634 0.000148682 
0.00749136 -0.0757501 0.000146273 
0.00767224 -0.0761371 0.00014383 
0.00785465 -0.0765245 0.000141354 
0.0080386 -0.076912 0.000138844 
0.00822408 -0.0772999 0.000136301 
0.0084111 -0.077688 0.000133724 
0.00859966 -0.0780763 0.000131113 
0.00878977 -0.0784649 0.000128469 
0.00898142 -0.0788537 0.000125791 
0.00917463 -0.0792427 0.000123078 
0.00936938 -0.0796319 0.000120332 
0.00956569 -0.0800214 0.000117551 
0.00976355 -0.080411 0.000114737 
0.00996297 -0.0808008 0.000111888 
0.010164 -0.0811908 0.000109005 
0.0103665 -0.081581 0.000106087 
0.0105706 -0.0819713 0.000103135 
0.0107763 -0.0823617 0.000100148 
0.0109835 -0.0827523 9.71267e-05 
0.0111923 -0.0831431 9.40707e-05 
0.0114027 -0.0835339 9.09799e-05 
0.0116146 -0.0839249 8.78543e-05 
0.0118282 -0.0843159 8.46938e-05 
0.0120433 -0.0847071 8.14984e-05 
0.0122599 -0.0850983 7.8268e-05 
0.0124782 -0.0854896 7.50025e-05 
0.012698 -0.085881 7.1702e-05 
0.0129195 -0.0862724 6.83662e-05 
0.0131425 -0.0866639 6.49952e-05 
0.0133671 -0.0870554 6.1589e-05 
0.0135932 -0.0874469 5.81474e-05 
0.013821 -0.0878385 5.46705e-05 
0.0140503 -0.08823 5.11581e-05 
0.0142813 -0.0886216 4.76103e-05 
0.0145138 -0.0890131 4.4027e-05 
0.0147479 -0.0894046 4.0408e-05 
0.0149836 -0.0897961 3.67535e-05 
0.0152209 -0.0901875 3.30634e-05 
0.0154598 -0.0905789 2.93375e-05 
0.0157003 -0.0909702 2.5576e-05 
0.0159424 -0.0913614 2.17786e-05 
0.0161861 -0.0917526 1.79455e-05 
0.0164314 -0.0921436 1.40765e-05 
0.0166782 -0.0925346 1.01717e-05 
0.0169267 -0.0929254 6.23098e-06 
0.0171767 -0.0933161 2.25434e-06 
0.0174284 -0.0937067 -1.75827e-06 
0.0176816 -0.0940971 -5.80685e-06 
0.0179364 -0.0944874 -9.89145e-06 
0.0181928 -0.0948775 -1.40121e-05 
0.0184509 -0.0952674 -1.81688e-05 
0.0187104 -0.0956571 -2.23615e-05 
0.0189716 -0.0960466 -2.65904e-05 
0.0192344 -0.096436 -3.08553e-05 
0.0194988 -0.0968251 -3.51565e-05 
0.0197647 -0.0972139 -3.94937e-05 
0.0200322 -0.0976026 -4.38671e-05 
0.0203014 -0.097991 -4.82767e-05 
0.020572 -0.0983791 -5.27225e-05 
0.0208443 -0.0987669 -5.72045e-05 
0.0211182 -0.0991545 -6.17226e-05 
0.0213936 -0.0995418 -6.6277e-05 
0.0216706 -0.0999288 -7.08676e-05 
0.0219491 -0.100315 -7.54944e-05 
0.0222293 -0.100702 -8.01575e-05 
0.022511 -0.101088 -8.48568e-05 
0.0227942 -0.101473 -8.95922e-05 
0.0230791 -0.101859 -9.4364e-05 
0.0233655 -0.102244 -9.91719e-05 
0.0236534 -0.102628 -0.000104016 
0.0239429 -0.103013 -0.000108896 
0.0242339 -0.103396 -0.000113813 
0.0245265 -0.10378 -0.000118766 
0.0248207 -0.104163 -0.000123755 
0.0251163 -0.104545 -0.00012878 
0.0254135 -0.104928 -0.000133841 
0.0257123 -0.105309 -0.000138938 
0.0260126 -0.105691 -0.000144072 
0.0263144 -0.106071 -0.000149241 
0.0266177 -0.106452 -0.000154447 
0.0269226 -0.106832 -0.000159689 
0.027229 -0.107211 -0.000164966 
0.0275368 -0.10759 -0.00017028 
0.0278462 -0.107968 -0.00017563 
0.0281571 -0.108346 -0.000181015 
0.0284696 -0.108724 -0.000186437 
0.0287835 -0.109101 -0.000191895 
0.0290989 -0.109477 -0.000197388 
0.0294158 -0.109853 -0.000202917 
0.0297342 -0.110228 -0.000208482 
0.0300541 -0.110603 -0.000214083 
0.0303754 -0.110977 -0.000219719 
0.0306983 -0.11135 -0.000225391 
0.0310226 -0.111723 -0.000231099 
0.0313484 -0.112096 -0.000236843 
0.0316756 -0.112467 -0.000242622 
0.0320043 -0.112838 -0.000248436 
0.0323345 -0.113209 -0.000254286 
0.0326661 -0.113579 -0.000260171 
0.0329992 -0.113948 -0.000266092 
0.0333337 -0.114317 -0.000272048 
0.0336697 -0.114685 -0.00027804 
0.0340071 -0.115052 -0.000284066 
0.034346 -0.115419 -0.000290128 
0.0346862 -0.115785 -0.000296225 
0.0350279 -0.11615 -0.000302356 
0.0353711 -0.116514 -0.000308523 
0.0357156 -0.116878 -0.000314725 
0.0360616 -0.117241 -0.000320962 
0.036409 -0.117604 -0.000327233 
0.0367578 -0.117966 -0.000333539 
0.037108 -0.118327 -0.00033988 
0.0374595 -0.118687 -0.000346255 
0.0378125 -0.119046 -0.000352665 
0.0381669 -0.119405 -0.000359109 
0.0385227 -0.119763 -0.000365588 
0.0388798 -0.12012 -0.000372101 
0.0392383 -0.120477 -0.000378649 
0.0395982 -0.120832 -0.00038523 
0.0399595 -0.121187 -0.000391845 
0.0403222 -0.121541 -0.000398495 
0.0406862 -0.121894 -0.000405178 
0.0410515 -0.122247 -0.000411896 
0.0414182 -0.122598 -0.000418647 
0.0417863 -0.122949 -0.000425432 
0.0421557 -0.123299 -0.00043225 
0.0425264 -0.123648 -0.000439102 
0.0428985 -0.123996 -0.000445987 
0.0432719 -0.124343 -0.000452905 
0.0436466 -0.12469 -0.000459857 
0.0440226 -0.125035 -0.000466842 
0.0444 -0.12538 -0.00047386 
0.0447786 -0.125724 -0.000480911 
0.0451586 -0.126067 -0.000487995 
0.0455399 -0.126409 -0.000495111 
0.0459224 -0.12675 -0.00050226 
0.0463063 -0.12709 -0.000509442 
0.0466914 -0.127429 -0.000516656 
0.0470778 -0.127767 -0.000523903 
0.0474655 -0.128104 -0.000531182 
0.0478544 -0.12844 -0.000538492 
0.0482446 -0.128776 -0.000545835 
0.0486361 -0.12911 -0.00055321 
0.0490288 -0.129443 -0.000560617 
0.0494227 -0.129775 -0.000568055 
0.0498179 -0.130107 -0.000575525 
0.0502143 -0.130437 -0.000583027 
0.0506119 -0.130766 -0.00059056 
0.0510108 -0.131094 -0.000598124 
0.0514109 -0.131422 -0.000605719 
0.0518121 -0.131748 -0.000613345 
0.0522146 -0.132073 -0.000621003 
0.0526182 -0.132397 -0.000628691 
0.0530231 -0.13272 -0.000636409 
0.0534291 -0.133042 -0.000644158 
0.0538363 -0.133362 -0.000651938 
0.0542447 -0.133682 -0.000659748 
0.0546542 -0.134001 -0.000667588 
0.0550648 -0.134318 -0.000675458 
0.0554766 -0.134635 -0.000683358 
0.0558896 -0.13495 -0.000691288 
0.0563036 -0.135264 -0.000699247 
0.0567188 -0.135577 -0.000707236 
0.0571351 -0.135889 -0.000715254 
0.0575525 -0.1362 -0.000723302 
0.057971 -0.136509 -0.000731379 
0.0583906 -0.136818 -0.000739484 
0.0588113 -0.137125 -0.000747619 
0.059233 -0.137431 -0.000755782 
0.0596558 -0.137736 -0.000763974 
0.0600797 -0.138039 -0.000772194 
0.0605046 -0.138342 -0.000780443 
0.0609305 -0.138643 -0.000788719 
0.0613575 -0.138943 -0.000797024 
0.0617855 -0.139242 -0.000805357 
0.0622145 -0.13954 -0.000813717 
0.0626446 -0.139836 -0.000822105 
0.0630756 -0.140132 -0.00083052 
0.0635076 -0.140426 -0.000838963 
0.0639406 -0.140718 -0.000847432 
0.0643746 -0.14101 -0.000855929 
0.0648095 -0.1413 -0.000864453 
0.0652454 -0.141589 -0.000873003 
0.0656823 -0.141877 -0.00088158 
0.0661201 -0.142163 -0.000890183 
0.0665588 -0.142448 -0.000898812 
0.0669984 -0.142732 -0.000907467 
0.067439 -0.143015 -0.000916149 
0.0678804 -0.143296 -0.000924856 
0.0683228 -0.143576 -0.000933588 
0.068766 -0.143855 -0.000942346 
0.0692102 -0.144133 -0.00095113 
0.0696552 -0.144409 -0.000959938 
0.070101 -0.144684 -0.000968772 
0.0705478 -0.144957 -0.00097763 
0.0709953 -0.14523 -0.000986513 
0.0714437 -0.1455 -0.00099542 
0.071893 -0.14577 -0.00100435 
0.072343 -0.146038 -0.00101331 
0.0727939 -0.146305 -0.00102229 
0.0732456 -0.146571 -0.00103129 
0.0736981 -0.146835 -0.00104032 
0.0741513 -0.147098 -0.00104937 
0.0746054 -0.14736 -0.00105844 
0.0750602 -0.14762 -0.00106754 
0.0755158 -0.147879 -0.00107666 
0.0759721 -0.148137 -0.0010858 
0.0764292 -0.148393 -0.00109497 
0.0768871 -0.148648 -0.00110416 
0.0773456 -0.148901 -0.00111337 
0.0778049 -0.149153 -0.0011226 
0.0782649 -0.149404 -0.00113185 
0.0787256 -0.149653 -0.00114113 
0.0791871 -0.149902 -0.00115043 
0.0796492 -0.150148 -0.00115975 
0.080112 -0.150393 -0.00116909 
0.0805754 -0.150637 -0.00117845 
0.0810396 -0.15088 -0.00118783 
0.0815044 -0.151121 -0.00119723 
0.0819698 -0.151361 -0.00120666 
0.0824359 -0.151599 -0.0012161 
0.0829027 -0.151836 -0.00122556 
0.08337 -0.152071 -0.00123505 
0.083838 -0.152305 -0.00124455 
0.0843066 -0.152538 -0.00125408 
0.0847758 -0.152769 -0.00126362 
0.0852456 -0.152999 -0.00127318 
0.085716 -0.153228 -0.00128276 
0.086187 -0.153455 -0.00129236 
0.0866585 -0.15368 -0.00130198 
0.0871306 -0.153904 -0.00131162 
0.0876033 -0.154127 -0.00132127 
0.0880765 -0.154348 -0.00133095 
0.0885503 -0.154568 -0.00134064 
0.0890246 -0.154787 -0.00135035 
0.0894994 -0.155004 -0.00136008 
0.0899747 -0.155219 -0.00136982 
0.0904506 -0.155433 -0.00137958 
0.0909269 -0.155646 -0.00138936 
0.0914037 -0.155857 -0.00139916 
0.091881 -0.156067 -0.00140897 
0.0923588 -0.156275 -0.0014188 
0.0928371 -0.156482 -0.00142864 
0.0933158 -0.156688 -0.00143851 
0.093795 -0.156892 -0.00144838 
0.0942746 -0.157094 -0.00145828 
0.0947546 -0.157295 -0.00146818 
0.0952351 -0.157495 -0.00147811 
0.095716 -0.157693 -0.00148805 
0.0961972 -0.157889 -0.001498 
0.0966789 -0.158084 -0.00150797 
0.097161 -0.158278 -0.00151795 
0.0976435 -0.15847 -0.00152795 
0.0981263 -0.158661 -0.00153796 
0.0986095 -0.15885 -0.00154799 
0.099093 -0.159038 -0.00155803 
0.0995769 -0.159224 -0.00156808 
0.100061 -0.159408 -0.00157815 
0.100546 -0.159592 -0.00158823 
0.101031 -0.159773 -0.00159832 
0.101516 -0.159954 -0.00160843 
0.102001 -0.160132 -0.00161855 
0.102487 -0.16031 -0.00162868 
0.102973 -0.160485 -0.00163882 
0.103459 -0.160659 -0.00164898 
0.103946 -0.160832 -0.00165914 
0.104433 -0.161003 -0.00166932 
0.10492 -0.161173 -0.00167951 
0.105407 -0.161341 -0.00168972 
0.105895 -0.161508 -0.00169993 
0.106382 -0.161673 -0.00171015 
0.10687 -0.161837 -0.00172039 
0.107359 -0.161999 -0.00173063 
0.107847 -0.16216 -0.00174089 
0.108335 -0.162319 -0.00175115 
0.108824 -0.162476 -0.00176143 
0.109313 -0.162633 -0.00177172 
0.109802 -0.162787 -0.00178201 
0.110291 -0.16294 -0.00179231 
0.11078 -0.163092 -0.00180263 
0.11127 -0.163242 -0.00181295 
0.111759 -0.163391 -0.00182328 
0.112249 -0.163538 -0.00183362 
0.112738 -0.163683 -0.00184397 
0.113228 -0.163827 -0.00185433 
0.113718 -0.16397 -0.00186469 
0.114208 -0.164111 -0.00187506 
0.114698 -0.16425 -0.00188544 
0.115188 -0.164388 -0.00189583 
0.115678 -0.164525 -0.00190623 
0.116168 -0.16466 -0.00191663 
0.116658 -0.164794 -0.00192704 
0.117148 -0.164926 -0.00193745 
0.117638 -0.165056 -0.00194787 
0.118129 -0.165185 -0.0019583 
0.118619 -0.165313 -0.00196873 
0.119109 -0.165439 -0.00197917 
0.119599 -0.165563 -0.00198962 
0.120089 -0.165686 -0.00200007 
0.120579 -0.165808 -0.00201053 
0.121069 -0.165928 -0.00202099 
0.121558 -0.166047 -0.00203145 
0.122048 -0.166164 -0.00204192 
0.122538 -0.166279 -0.0020524 
0.123027 -0.166394 -0.00206288 
0.123517 -0.166506 -0.00207336 
0.124006 -0.166618 -0.00208385 
0.124495 -0.166727 -0.00209434 
0.124985 -0.166836 -0.00210484 
0.125474 -0.166942 -0.00211534 
0.125962 -0.167048 -0.00212584 
0.126451 -0.167152 -0.00213634 
0.12694 -0.167254 -0.00214685 
0.127428 -0.167355 -0.00215736 
0.127916 -0.167455 -0.00216788 
0.128404 -0.167553 -0.00217839 
0.128892 -0.167649 -0.00218891 
0.12938 -0.167744 -0.00219943 
0.129867 -0.167838 -0.00220995 
0.130355 -0.16793 -0.00222047 
0.130842 -0.168021 -0.00223099 
0.131328 -0.168111 -0.00224152 
0.131815 -0.168199 -0.00225204 
0.132301 -0.168285 -0.00226257 
0.132787 -0.16837 -0.0022731 
0.133273 -0.168454 -0.00228362 
0.133759 -0.168536 -0.00229415 
0.134244 -0.168617 -0.00230468 
0.134729 -0.168696 -0.00231521 
0.135214 -0.168774 -0.00232573 
0.135698 -0.168851 -0.00233626 
0.136183 -0.168926 -0.00234678 
0.136667 -0.169 -0.00235731 
0.13715 -0.169072 -0.00236783 
0.137633 -0.169143 -0.00237835 
0.138116 -0.169212 -0.00238888 
0.138599 -0.169281 -0.00239939 
0.139081 -0.169347 -0.00240991 
0.139563 -0.169412 -0.00242043 
0.140045 -0.169476 -0.00243094 
0.140526 -0.169539 -0.00244145 
0.141007 -0.1696 -0.00245196 
0.141487 -0.16966 -0.00246246 
0.141967 -0.169718 -0.00247297 
0.142447 -0.169775 -0.00248347 
0.142926 -0.16983 -0.00249396 
0.143405 -0.169885 -0.00250445 
0.143884 -0.169937 -0.00251494 
0.144362 -0.169989 -0.00252543 
0.14484 -0.170039 -0.00253591 
0.145317 -0.170088 -0.00254639 
0.145794 -0.170135 -0.00255686 
0.14627 -0.170181 -0.00256733 
0.146746 -0.170225 -0.00257779 
0.147222 -0.170269 -0.00258825 
0.147697 -0.170311 -0.0025987 
0.148171 -0.170351 -0.00260915 
0.148645 -0.17039 -0.0026196 
0.149119 -0.170428 -0.00263003 
0.149592 -0.170464 -0.00264047 
0.150064 -0.1705 -0.00265089 
0.150537 -0.170533 -0.00266131 
0.151008 -0.170566 -0.00267172 
0.151479 -0.170597 -0.00268213 
0.15195 -0.170627 -0.00269253 
0.15242 -0.170655 -0.00270293 
0.152889 -0.170682 -0.00271331 
0.153358 -0.170708 -0.00272369 
0.153826 -0.170733 -0.00273407 
0.154294 -0.170756 -0.00274443 
0.154761 -0.170778 -0.00275479 
0.155228 -0.170798 -0.00276514 
0.155694 -0.170817 -0.00277548 
0.156159 -0.170835 -0.00278582 
0.156624 -0.170852 -0.00279614 
0.157088 -0.170867 -0.00280646 
0.157552 -0.170882 -0.00281677 
0.158015 -0.170894 -0.00282707 
0.158477 -0.170906 -0.00283736 
0.158938 -0.170916 -0.00284764 
0.159399 -0.170925 -0.00285791 
0.15986 -0.170933 -0.00286818 
0.16032 -0.170939 -0.00287843 
0.160779 -0.170944 -0.00288868 
0.161237 -0.170948 -0.00289891 
0.161695 -0.170951 -0.00290913 
0.162152 -0.170953 -0.00291935 
0.162608 -0.170953 -0.00292955 
0.163063 -0.170952 -0.00293975 
0.163518 -0.17095 -0.00294993 
0.163973 -0.170946 -0.0029601 
0.164426 -0.170941 -0.00297026 
0.164879 -0.170936 -0.00298041 
0.165331 -0.170928 -0.00299055 
0.165782 -0.17092 -0.00300068 
0.166232 -0.170911 -0.00301079 
0.166682 -0.1709 -0.0030209 
0.167131 -0.170888 -0.00303099 
0.167579 -0.170875 -0.00304107 
0.168027 -0.170861 -0.00305114 
0.168473 -0.170845 -0.00306119 
0.168919 -0.170829 -0.00307124 
0.169364 -0.170811 -0.00308127 
0.169809 -0.170792 -0.00309129 
0.170252 -0.170772 -0.00310129 
0.170695 -0.170751 -0.00311128 
0.171137 -0.170729 -0.00312126 
0.171578 -0.170705 -0.00313123 
0.172018 -0.170681 -0.00314118 
0.172457 -0.170655 -0.00315112 
0.172896 -0.170628 -0.00316104 
0.173334 -0.170601 -0.00317095 
0.173771 -0.170572 -0.00318085 
0.174207 -0.170542 -0.00319073 
0.174642 -0.17051 -0.0032006 
0.175076 -0.170478 -0.00321046 
0.17551 -0.170445 -0.00322029 
0.175942 -0.17041 -0.00323012 
0.176374 -0.170375 -0.00323993 
0.176805 -0.170338 -0.00324972 
0.177235 -0.170301 -0.0032595 
0.177664 -0.170262 -0.00326927 
0.178092 -0.170222 -0.00327902 
0.178519 -0.170182 -0.00328875 
0.178946 -0.17014 -0.00329847 
0.179371 -0.170097 -0.00330817 
0.179796 -0.170053 -0.00331785 
0.18022 -0.170008 -0.00332752 
0.180642 -0.169963 -0.00333718 
0.181064 -0.169916 -0.00334681 
0.181485 -0.169868 -0.00335643 
0.181905 -0.169819 -0.00336604 
0.182324 -0.169769 -0.00337563 
0.182742 -0.169718 -0.0033852 
0.18316 -0.169667 -0.00339475 
0.183576 -0.169614 -0.00340429 
0.183991 -0.16956 -0.0034138 
0.184406 -0.169505 -0.00342331 
0.184819 -0.16945 -0.00343279 
0.185231 -0.169393 -0.00344226 
0.185643 -0.169335 -0.00345171 
0.186053 -0.169277 -0.00346114 
0.186463 -0.169217 -0.00347055 
0.186872 -0.169157 -0.00347994 
0.187279 -0.169095 -0.00348932 
0.187686 -0.169033 -0.00349868 
0.188092 -0.16897 -0.00350802 
0.188496 -0.168906 -0.00351734 
0.1889 -0.168841 -0.00352664 
0.189302 -0.168775 -0.00353593 
0.189704 -0.168708 -0.00354519 
0.190105 -0.16864 -0.00355444 
0.190504 -0.168572 -0.00356366 
0.190903 -0.168502 -0.00357287 
0.191301 -0.168432 -0.00358206 
0.191697 -0.168361 -0.00359123 
0.192093 -0.168289 -0.00360038 
0.192487 -0.168216 -0.00360951 
0.192881 -0.168142 -0.00361862 
0.193273 -0.168067 -0.00362771 
0.193665 -0.167991 -0.00363677 
0.194055 -0.167915 -0.00364582 
0.194444 -0.167838 -0.00365485 
0.194833 -0.16776 -0.00366386 
0.19522 -0.167681 -0.00367285 
0.195606 -0.167601 -0.00368182 
0.195991 -0.167521 -0.00369076 
0.196375 -0.167439 -0.00369969 
0.196758 -0.167357 -0.0037086 
0.19714 -0.167274 -0.00371748 
0.197521 -0.16719 -0.00372634 
0.1979 -0.167106 -0.00373518 
0.198279 -0.167021 -0.003744 
0.198656 -0.166934 -0.0037528 
0.199033 -0.166848 -0.00376158 
0.199408 -0.16676 -0.00377034 
0.199782 -0.166672 -0.00377907 
0.200155 -0.166582 -0.00378778 
0.200527 -0.166492 -0.00379647 
0.200898 -0.166402 -0.00380514 
0.201268 -0.16631 -0.00381379 
0.201637 -0.166218 -0.00382241 
0.202004 -0.166125 -0.00383102 
0.20237 -0.166032 -0.0038396 
0.202736 -0.165938 -0.00384815 
0.2031 -0.165843 -0.00385669 
0.203462 -0.165747 -0.0038652 
0.203824 -0.165651 -0.00387369 
0.204185 -0.165554 -0.00388216 
0.204544 -0.165456 -0.0038906 
0.204903 -0.165357 -0.00389902 
0.20526 -0.165258 -0.00390742 
0.205616 -0.165159 -0.00391579 
0.20597 -0.165058 -0.00392414 
0.206324 -0.164957 -0.00393247 
0.206676 -0.164856 -0.00394077 
0.207028 -0.164753 -0.00394905 
0.207378 -0.16465 -0.00395731 
0.207727 -0.164547 -0.00396555 
0.208074 -0.164443 -0.00397375 
0.208421 -0.164338 -0.00398194 
0.208766 -0.164233 -0.0039901 
0.20911 -0.164127 -0.00399824 
0.209453 -0.16402 -0.00400635 
0.209795 -0.163913 -0.00401444 
0.210135 -0.163806 -0.00402251 
0.210475 -0.163697 -0.00403055 
0.210813 -0.163589 -0.00403857 
0.21115 -0.163479 -0.00404656 
0.211485 -0.163369 -0.00405452 
0.21182 -0.163259 -0.00406247 
0.212153 -0.163148 -0.00407039 
0.212485 -0.163037 -0.00407828 
0.212816 -0.162925 -0.00408615 
0.213146 -0.162812 -0.00409399 
0.213474 -0.162699 -0.00410181 
0.213801 -0.162586 -0.0041096 
0.214127 -0.162472 -0.00411737 
0.214452 -0.162357 -0.00412511 
0.214776 -0.162242 -0.00413283 
0.215098 -0.162127 -0.00414052 
0.215419 -0.162011 -0.00414819 
0.215739 -0.161895 -0.00415583 
0.216057 -0.161778 -0.00416345 
0.216375 -0.161661 -0.00417104 
0.216691 -0.161544 -0.0041786 
0.217006 -0.161426 -0.00418614 
0.217319 -0.161307 -0.00419365 
0.217632 -0.161188 -0.00420114 
0.217943 -0.161069 -0.0042086 
0.218253 -0.160949 -0.00421604 
0.218562 -0.160829 -0.00422344 
0.218869 -0.160709 -0.00423083 
0.219175 -0.160588 -0.00423818 
0.21948 -0.160467 -0.00424551 
0.219784 -0.160345 -0.00425282 
0.220086 -0.160223 -0.0042601 
0.220388 -0.160101 -0.00426735 
0.220688 -0.159978 -0.00427457 
0.220986 -0.159855 -0.00428177 
0.221284 -0.159732 -0.00428894 
0.22158 -0.159608 -0.00429609 
0.221875 -0.159484 -0.00430321 
0.222169 -0.15936 -0.0043103 
0.222462 -0.159235 -0.00431736 
0.222753 -0.15911 -0.0043244 
0.223043 -0.158985 -0.00433141 
0.223332 -0.158859 -0.0043384 
0.223619 -0.158734 -0.00434535 
0.223905 -0.158607 -0.00435228 
0.22419 -0.158481 -0.00435919 
0.224474 -0.158354 -0.00436606 
0.224757 -0.158227 -0.00437291 
0.225038 -0.1581 -0.00437973 
0.225318 -0.157973 -0.00438653 
0.225597 -0.157845 -0.00439329 
0.225874 -0.157717 -0.00440003 
0.22615 -0.157589 -0.00440674 
0.226425 -0.15746 -0.00441343 
0.226699 -0.157331 -0.00442008 
0.226972 -0.157202 -0.00442671 
0.227243 -0.157073 -0.00443332 
0.227513 -0.156944 -0.00443989 
0.227781 -0.156814 -0.00444644 
0.228049 -0.156684 -0.00445296 
0.228315 -0.156554 -0.00445945 
0.22858 -0.156424 -0.00446591 
0.228843 -0.156294 -0.00447235 
0.229106 -0.156163 -0.00447875 
0.229367 -0.156032 -0.00448513 
0.229626 -0.155902 -0.00449148 
0.229885 -0.155771 -0.00449781 
0.230142 -0.155639 -0.0045041 
0.230398 -0.155508 -0.00451037 
0.230653 -0.155376 -0.00451661 
0.230906 -0.155245 -0.00452282 
0.231158 -0.155113 -0.00452901 
0.231409 -0.154981 -0.00453516 
0.231659 -0.154849 -0.00454129 
0.231907 -0.154717 -0.00454739 
0.232154 -0.154585 -0.00455346 
0.2324 -0.154452 -0.0045595 
0.232644 -0.15432 -0.00456551 
0.232887 -0.154187 -0.0045715 
0.233129 -0.154054 -0.00457746 
0.23337 -0.153922 -0.00458338 
0.233609 -0.153789 -0.00458928 
0.233847 -0.153656 -0.00459516 
0.234083 -0.153523 -0.004601 
0.234319 -0.15339 -0.00460681 
0.234553 -0.153257 -0.0046126 
0.234786 -0.153124 -0.00461836 
0.235017 -0.152991 -0.00462409 
0.235248 -0.152858 -0.00462979 
0.235477 -0.152725 -0.00463546 
0.235704 -0.152592 -0.0046411 
0.235931 -0.152459 -0.00464672 
0.236156 -0.152326 -0.00465231 
0.23638 -0.152193 -0.00465786 
0.236602 -0.15206 -0.00466339 
0.236823 -0.151927 -0.00466889 
0.237043 -0.151794 -0.00467436 
0.237262 -0.151661 -0.00467981 
0.237479 -0.151528 -0.00468522 
0.237695 -0.151395 -0.0046906 
0.23791 -0.151262 -0.00469596 
0.238124 -0.151129 -0.00470129 
0.238336 -0.150997 -0.00470659 
0.238547 -0.150864 -0.00471186 
0.238756 -0.150732 -0.0047171 
0.238965 -0.150599 -0.00472231 
0.239172 -0.150467 -0.00472749 
0.239378 -0.150335 -0.00473265 
0.239582 -0.150203 -0.00473777 
0.239785 -0.150071 -0.00474287 
0.239987 -0.149939 -0.00474794 
0.240188 -0.149807 -0.00475298 
0.240388 -0.149676 -0.00475799 
0.240586 -0.149545 -0.00476297 
0.240783 -0.149413 -0.00476792 
0.240978 -0.149282 -0.00477284 
0.241172 -0.149151 -0.00477774 
0.241366 -0.149021 -0.0047826 
0.241557 -0.14889 -0.00478744 
0.241748 -0.14876 -0.00479225 
0.241937 -0.14863 -0.00479702 
0.242125 -0.1485 -0.00480177 
0.242312 -0.14837 -0.00480649 
0.242497 -0.148241 -0.00481119 
0.242682 -0.148111 -0.00481585 
0.242865 -0.147982 -0.00482048 
0.243046 -0.147853 -0.00482509 
0.243227 -0.147725 -0.00482966 
0.243406 -0.147596 -0.00483421 
0.243584 -0.147468 -0.00483873 
0.243761 -0.14734 -0.00484322 
0.243936 -0.147213 -0.00484768 
0.24411 -0.147085 -0.00485211 
0.244284 -0.146958 -0.00485651 
0.244455 -0.146832 -0.00486088 
0.244626 -0.146705 -0.00486523 
0.244795 -0.146579 -0.00486954 
0.244963 -0.146453 -0.00487383 
0.24513 -0.146327 -0.00487809 
0.245296 -0.146202 -0.00488232 
0.24546 -0.146077 -0.00488652 
0.245623 -0.145952 -0.00489069 
0.245785 -0.145828 -0.00489483 
0.245946 -0.145704 -0.00489895 
0.246106 -0.14558 -0.00490303 
0.246264 -0.145457 -0.00490709 
