-3.21076e-09 -5.65907e-09 9.53041e-11 
-3.26606e-05 -5.77901e-05 9.70388e-07 
-0.000128991 -0.000229121 3.83614e-06 
-0.000288457 -0.000514364 8.58685e-06 
-0.000510524 -0.000913888 1.52121e-05 
-0.000794657 -0.00142806 2.37014e-05 
-0.00114032 -0.00205726 3.40443e-05 
-0.00154699 -0.00280187 4.62306e-05 
-0.00201412 -0.00366227 6.02499e-05 
-0.00254118 -0.00463884 7.60918e-05 
-0.00312764 -0.00573198 9.3746e-05 
-0.00377298 -0.00694208 0.000113202 
-0.00447665 -0.00826953 0.00013445 
-0.00523812 -0.00971475 0.00015748 
-0.00605687 -0.0112781 0.000182281 
-0.00693236 -0.0129601 0.000208843 
-0.00786406 -0.014761 0.000237156 
-0.00885143 -0.0166814 0.00026721 
-0.00989394 -0.0187216 0.000298994 
-0.0109911 -0.020882 0.000332498 
-0.0121423 -0.0231632 0.000367713 
-0.013347 -0.0255655 0.000404627 
-0.0146047 -0.0280893 0.000443231 
-0.0159149 -0.0307352 0.000483514 
-0.017277 -0.0335035 0.000525467 
-0.0186905 -0.0363948 0.000569079 
-0.0201548 -0.0394094 0.000614339 
-0.0216694 -0.0425479 0.000661238 
-0.0232338 -0.0458108 0.000709765 
-0.0248473 -0.0491984 0.00075991 
-0.0265095 -0.0527113 0.000811663 
-0.0282198 -0.0563499 0.000865013 
-0.0299777 -0.0601149 0.00091995 
-0.0317825 -0.0640065 0.000976463 
-0.0336338 -0.0680255 0.00103454 
-0.0355309 -0.0721722 0.00109418 
-0.0374733 -0.0764472 0.00115536 
-0.0394605 -0.080851 0.00121807 
-0.0414918 -0.0853841 0.00128231 
-0.0435667 -0.090047 0.00134806 
-0.0456846 -0.0948404 0.00141532 
-0.047845 -0.0997647 0.00148407 
-0.0500472 -0.104821 0.00155429 
-0.0522907 -0.110008 0.00162599 
-0.0545748 -0.115329 0.00169915 
-0.056899 -0.120782 0.00177375 
-0.0592627 -0.12637 0.0018498 
-0.0616653 -0.132092 0.00192727 
-0.0641061 -0.137948 0.00200615 
-0.0665845 -0.14394 0.00208644 
-0.0691 -0.150069 0.00216812 
-0.0716519 -0.156334 0.00225118 
-0.0742395 -0.162736 0.00233561 
-0.0768623 -0.169277 0.0024214 
-0.0795196 -0.175956 0.00250854 
-0.0822107 -0.182774 0.00259701 
-0.0849351 -0.189732 0.0026868 
-0.0876919 -0.196831 0.0027779 
-0.0904806 -0.204071 0.0028703 
-0.0933006 -0.211453 0.00296399 
-0.096151 -0.218977 0.00305895 
-0.0990313 -0.226645 0.00315517 
-0.101941 -0.234456 0.00325264 
-0.104879 -0.242413 0.00335134 
-0.107844 -0.250514 0.00345127 
-0.110837 -0.258762 0.00355241 
-0.113855 -0.267156 0.00365474 
-0.1169 -0.275699 0.00375826 
-0.119969 -0.284389 0.00386294 
-0.123062 -0.293229 0.00396879 
-0.126179 -0.302218 0.00407577 
-0.129318 -0.311358 0.00418388 
-0.132479 -0.320649 0.00429311 
-0.13566 -0.330093 0.00440343 
-0.138862 -0.339689 0.00451484 
-0.142083 -0.34944 0.00462732 
-0.145323 -0.359345 0.00474086 
-0.14858 -0.369405 0.00485543 
-0.151854 -0.379622 0.00497103 
-0.155144 -0.389996 0.00508763 
-0.158449 -0.400528 0.00520523 
-0.161768 -0.411219 0.00532381 
-0.165101 -0.422069 0.00544334 
-0.168445 -0.433081 0.00556382 
-0.171802 -0.444254 0.00568522 
-0.175168 -0.455589 0.00580753 
-0.178544 -0.467089 0.00593073 
-0.181929 -0.478752 0.0060548 
-0.185321 -0.490581 0.00617973 
-0.18872 -0.502576 0.00630549 
-0.192125 -0.514739 0.00643207 
-0.195533 -0.52707 0.00655945 
-0.198945 -0.53957 0.00668761 
-0.20236 -0.552241 0.00681653 
-0.205775 -0.565083 0.00694618 
-0.209191 -0.578098 0.00707655 
-0.212606 -0.591286 0.00720761 
-0.216018 -0.604649 0.00733935 
-0.219427 -0.618188 0.00747174 
-0.222831 -0.631903 0.00760477 
-0.22623 -0.645796 0.00773839 
-0.229621 -0.659868 0.00787261 
-0.233004 -0.674121 0.00800738 
-0.236377 -0.688555 0.00814268 
-0.239739 -0.703171 0.0082785 
-0.243089 -0.717971 0.0084148 
-0.246425 -0.732957 0.00855155 
-0.249746 -0.748128 0.00868874 
-0.25305 -0.763487 0.00882634 
-0.256335 -0.779034 0.00896431 
-0.259601 -0.794771 0.00910262 
-0.262846 -0.8107 0.00924126 
-0.266069 -0.826821 0.00938018 
-0.269266 -0.843136 0.00951936 
-0.272438 -0.859646 0.00965877 
-0.275582 -0.876353 0.00979837 
-0.278696 -0.893258 0.00993813 
-0.281779 -0.910362 0.010078 
-0.284829 -0.927667 0.010218 
-0.287844 -0.945174 0.010358 
-0.290823 -0.962884 0.0104981 
-0.293762 -0.9808 0.0106381 
-0.296661 -0.998922 0.0107781 
-0.299517 -1.01725 0.010918 
-0.302328 -1.03579 0.0110578 
-0.305092 -1.05454 0.0111974 
-0.307807 -1.07351 0.0113367 
-0.31047 -1.09268 0.0114758 
-0.31308 -1.11208 0.0116146 
-0.315633 -1.13169 0.011753 
-0.318128 -1.15152 0.0118911 
-0.320561 -1.17157 0.0120286 
-0.322931 -1.19184 0.0121657 
-0.325235 -1.21234 0.0123022 
-0.32747 -1.23306 0.0124381 
-0.329633 -1.25401 0.0125734 
-0.331721 -1.27519 0.0127079 
-0.333732 -1.29659 0.0128417 
-0.335663 -1.31824 0.0129746 
-0.337509 -1.34011 0.0131066 
-0.339269 -1.36222 0.0132376 
-0.340939 -1.38457 0.0133677 
-0.342516 -1.40716 0.0134966 
-0.343995 -1.43 0.0136243 
-0.345374 -1.45307 0.0137508 
-0.346649 -1.47639 0.013876 
-0.347815 -1.49996 0.0139999 
-0.34887 -1.52377 0.0141222 
-0.34981 -1.54784 0.014243 
-0.350629 -1.57216 0.0143621 
-0.351324 -1.59673 0.0144796 
-0.35189 -1.62156 0.0145952 
-0.352323 -1.64665 0.0147089 
-0.352618 -1.672 0.0148206 
-0.352771 -1.69761 0.0149302 
-0.352776 -1.72348 0.0150376 
-0.352628 -1.74962 0.0151426 
-0.352323 -1.77603 0.0152453 
-0.351854 -1.80271 0.0153454 
-0.351216 -1.82965 0.0154428 
-0.350403 -1.85687 0.0155375 
-0.349409 -1.88437 0.0156293 
-0.348229 -1.91214 0.015718 
-0.346854 -1.94019 0.0158035 
-0.34528 -1.96853 0.0158858 
-0.343499 -1.99714 0.0159646 
-0.341504 -2.02603 0.0160397 
-0.339287 -2.05521 0.0161111 
-0.336842 -2.08468 0.0161786 
-0.334161 -2.11443 0.0162419 
-0.331234 -2.14447 0.016301 
-0.328055 -2.17481 0.0163556 
-0.324614 -2.20543 0.0164056 
-0.320903 -2.23634 0.0164508 
-0.316912 -2.26755 0.0164909 
-0.312632 -2.29905 0.0165257 
-0.308053 -2.33084 0.0165551 
-0.303165 -2.36293 0.0165788 
-0.297957 -2.39531 0.0165965 
-0.292418 -2.42799 0.0166081 
-0.286538 -2.46096 0.0166132 
-0.280304 -2.49422 0.0166117 
-0.273705 -2.52778 0.0166031 
-0.266727 -2.56163 0.0165874 
-0.259359 -2.59577 0.0165641 
-0.251587 -2.63019 0.016533 
-0.243398 -2.66491 0.0164937 
-0.234776 -2.6999 0.0164459 
-0.225709 -2.73518 0.0163893 
-0.21618 -2.77074 0.0163235 
-0.206174 -2.80656 0.0162482 
-0.195676 -2.84266 0.016163 
-0.184669 -2.87902 0.0160675 
-0.173137 -2.91564 0.0159614 
-0.161061 -2.95251 0.0158441 
-0.148425 -2.98962 0.0157152 
-0.13521 -3.02696 0.0155744 
-0.121398 -3.06454 0.0154212 
-0.10697 -3.10233 0.0152551 
-0.0919066 -3.14032 0.0150757 
-0.0761882 -3.17851 0.0148824 
-0.0597951 -3.21688 0.0146747 
-0.0427073 -3.25541 0.0144522 
-0.0249043 -3.29409 0.0142143 
-0.00636587 -3.33291 0.0139605 
0.0129284 -3.37183 0.0136902 
0.0329989 -3.41085 0.013403 
0.0538658 -3.44994 0.0130983 
0.0755491 -3.48908 0.0127755 
0.0980683 -3.52824 0.012434 
0.121442 -3.5674 0.0120735 
0.14569 -3.60652 0.0116932 
0.170828 -3.64558 0.0112928 
0.196873 -3.68454 0.0108717 
0.223841 -3.72337 0.0104293 
0.251745 -3.76203 0.00996539 
0.280598 -3.80048 0.00947935 
0.310409 -3.83869 0.00897084 
0.341187 -3.87661 0.00843951 
0.372938 -3.91419 0.00788504 
0.405665 -3.9514 0.00730716 
0.439369 -3.98819 0.00670568 
0.474047 -4.0245 0.00608047 
0.509693 -4.0603 0.00543143 
0.546298 -4.09553 0.00475859 
0.583851 -4.13014 0.00406201 
0.622334 -4.16409 0.00334187 
0.661727 -4.19733 0.0025984 
0.702007 -4.22981 0.00183195 
0.743147 -4.26148 0.00104293 
0.785115 -4.29231 0.000231862 
0.827876 -4.32224 -0.00060066 
0.871394 -4.35124 -0.00145395 
0.915626 -4.37928 -0.00232724 
0.960529 -4.40631 -0.00321969 
1.00606 -4.43231 -0.00413038 
1.05216 -4.45726 -0.00505834 
1.09879 -4.48112 -0.00600253 
1.14589 -4.50388 -0.00696187 
1.19341 -4.52553 -0.00793525 
1.2413 -4.54605 -0.00892151 
1.28951 -4.56544 -0.0099195 
1.33797 -4.5837 -0.010928 
1.38664 -4.60083 -0.0119459 
1.43548 -4.61682 -0.012972 
1.48441 -4.6317 -0.0140051 
1.53341 -4.64547 -0.0150441 
1.58242 -4.65815 -0.0160879 
1.63139 -4.66975 -0.0171354 
1.68029 -4.6803 -0.0181856 
1.72907 -4.68981 -0.0192375 
1.7777 -4.69831 -0.0202901 
1.82614 -4.70583 -0.0213426 
1.87436 -4.71239 -0.0223942 
1.92233 -4.71802 -0.0234439 
1.97002 -4.72275 -0.0244912 
2.0174 -4.7266 -0.0255352 
2.06446 -4.72961 -0.0265754 
2.11116 -4.73181 -0.0276111 
2.1575 -4.73322 -0.0286418 
2.20345 -4.73387 -0.0296671 
2.249 -4.7338 -0.0306864 
2.29413 -4.73303 -0.0316993 
2.33884 -4.73159 -0.0327056 
2.38312 -4.7295 -0.0337047 
2.42695 -4.7268 -0.0346965 
2.47034 -4.72352 -0.0356806 
2.51326 -4.71967 -0.0366569 
2.55573 -4.71528 -0.037625 
2.59772 -4.71038 -0.0385849 
2.63926 -4.70499 -0.0395364 
2.68032 -4.69913 -0.0404793 
2.72091 -4.69282 -0.0414136 
2.76104 -4.68609 -0.0423391 
2.80069 -4.67895 -0.0432557 
2.83987 -4.67144 -0.0441635 
2.87859 -4.66355 -0.0450623 
2.91684 -4.65532 -0.0459522 
2.95463 -4.64675 -0.046833 
2.99195 -4.63788 -0.0477049 
3.02883 -4.6287 -0.0485678 
3.06524 -4.61924 -0.0494217 
3.10121 -4.60952 -0.0502666 
3.13673 -4.59954 -0.0511027 
3.17181 -4.58932 -0.0519298 
3.20645 -4.57888 -0.0527481 
3.24066 -4.56822 -0.0535576 
3.27444 -4.55736 -0.0543583 
3.3078 -4.5463 -0.0551504 
3.34074 -4.53507 -0.0559338 
3.37326 -4.52367 -0.0567086 
3.40537 -4.5121 -0.057475 
3.43708 -4.50039 -0.0582329 
3.46839 -4.48854 -0.0589825 
3.4993 -4.47655 -0.0597237 
3.52983 -4.46444 -0.0604568 
3.55996 -4.45221 -0.0611817 
3.58972 -4.43988 -0.0618986 
3.61911 -4.42744 -0.0626074 
3.64812 -4.41492 -0.0633084 
3.67676 -4.4023 -0.0640015 
3.70505 -4.38961 -0.0646869 
3.73297 -4.37684 -0.0653646 
3.76055 -4.364 -0.0660348 
3.78778 -4.35111 -0.0666974 
3.81467 -4.33815 -0.0673525 
3.84121 -4.32515 -0.0680004 
3.86743 -4.31209 -0.0686409 
3.89331 -4.299 -0.0692743 
3.91887 -4.28587 -0.0699005 
3.94411 -4.27271 -0.0705197 
3.96903 -4.25952 -0.0711319 
3.99364 -4.24631 -0.0717372 
4.01794 -4.23308 -0.0723357 
4.04193 -4.21983 -0.0729274 
4.06563 -4.20657 -0.0735125 
4.08903 -4.1933 -0.0740909 
4.11213 -4.18002 -0.0746629 
4.13495 -4.16675 -0.0752283 
4.15748 -4.15347 -0.0757874 
4.17973 -4.1402 -0.0763402 
4.2017 -4.12694 -0.0768866 
4.2234 -4.11369 -0.077427 
4.24482 -4.10045 -0.0779611 
4.26598 -4.08722 -0.0784893 
4.28687 -4.07402 -0.0790114 
4.3075 -4.06083 -0.0795276 
4.32787 -4.04767 -0.0800379 
4.34799 -4.03453 -0.0805425 
4.36785 -4.02142 -0.0810412 
4.38747 -4.00833 -0.0815343 
4.40684 -3.99528 -0.0820218 
4.42597 -3.98227 -0.0825037 
4.44486 -3.96928 -0.0829801 
4.46351 -3.95634 -0.083451 
4.48193 -3.94343 -0.0839165 
4.50011 -3.93056 -0.0843767 
4.51807 -3.91774 -0.0848316 
4.5358 -3.90495 -0.0852812 
4.55331 -3.89222 -0.0857257 
4.57059 -3.87953 -0.086165 
4.58766 -3.86688 -0.0865992 
4.60451 -3.85429 -0.0870284 
4.62115 -3.84175 -0.0874526 
4.63757 -3.82926 -0.0878719 
4.65379 -3.81682 -0.0882863 
4.6698 -3.80444 -0.0886958 
4.68561 -3.79211 -0.0891005 
4.70121 -3.77984 -0.0895005 
4.71662 -3.76763 -0.0898957 
4.73183 -3.75548 -0.0902863 
4.74684 -3.74338 -0.0906723 
4.76166 -3.73135 -0.0910537 
4.77628 -3.71938 -0.0914306 
4.79072 -3.70747 -0.0918029 
4.80497 -3.69563 -0.0921708 
4.81904 -3.68385 -0.0925343 
4.83292 -3.67214 -0.0928934 
4.84662 -3.66049 -0.0932482 
4.86014 -3.64891 -0.0935987 
4.87348 -3.6374 -0.0939449 
4.88665 -3.62595 -0.0942869 
4.89964 -3.61458 -0.0946247 
4.91246 -3.60328 -0.0949584 
4.92511 -3.59205 -0.0952879 
4.93759 -3.58089 -0.0956134 
4.9499 -3.5698 -0.0959348 
4.96205 -3.55878 -0.0962522 
4.97403 -3.54784 -0.0965656 
4.98585 -3.53697 -0.0968751 
4.99751 -3.52618 -0.0971807 
5.00901 -3.51547 -0.0974823 
5.02035 -3.50483 -0.0977802 
5.03154 -3.49426 -0.0980742 
5.04257 -3.48377 -0.0983644 
5.05344 -3.47337 -0.0986509 
5.06417 -3.46304 -0.0989337 
5.07474 -3.45278 -0.0992127 
5.08517 -3.44261 -0.0994881 
5.09544 -3.43252 -0.0997599 
5.10557 -3.42251 -0.100028 
5.11556 -3.41257 -0.100293 
5.1254 -3.40272 -0.100554 
5.1351 -3.39295 -0.100811 
5.14466 -3.38327 -0.101065 
5.15407 -3.37366 -0.101316 
5.16335 -3.36414 -0.101563 
5.17249 -3.3547 -0.101806 
5.1815 -3.34535 -0.102046 
5.19037 -3.33608 -0.102283 
5.1991 -3.32689 -0.102517 
5.2077 -3.31779 -0.102747 
5.21618 -3.30878 -0.102974 
5.22452 -3.29985 -0.103197 
5.23273 -3.29101 -0.103418 
5.24081 -3.28225 -0.103635 
5.24877 -3.27358 -0.103849 
5.2566 -3.265 -0.10406 
5.2643 -3.2565 -0.104267 
5.27188 -3.2481 -0.104472 
5.27934 -3.23978 -0.104673 
5.28667 -3.23155 -0.104871 
5.29389 -3.22341 -0.105066 
5.30098 -3.21535 -0.105258 
5.30796 -3.20739 -0.105447 
5.31481 -3.19952 -0.105634 
5.32156 -3.19174 -0.105817 
5.32818 -3.18404 -0.105997 
5.33469 -3.17644 -0.106174 
5.34108 -3.16893 -0.106348 
5.34737 -3.16151 -0.106519 
5.35353 -3.15419 -0.106688 
5.35959 -3.14695 -0.106853 
5.36554 -3.13981 -0.107016 
5.37138 -3.13276 -0.107176 
5.37711 -3.1258 -0.107333 
5.38273 -3.11894 -0.107487 
5.38824 -3.11217 -0.107638 
5.39365 -3.10549 -0.107787 
5.39895 -3.09891 -0.107933 
5.40415 -3.09242 -0.108076 
5.40924 -3.08602 -0.108216 
5.41423 -3.07973 -0.108354 
5.41912 -3.07352 -0.108489 
5.4239 -3.06741 -0.108622 
5.42859 -3.0614 -0.108751 
5.43317 -3.05548 -0.108879 
5.43766 -3.04966 -0.109003 
5.44205 -3.04394 -0.109125 
5.44634 -3.03831 -0.109244 
5.45053 -3.03278 -0.109361 
5.45463 -3.02735 -0.109475 
5.45863 -3.02202 -0.109587 
5.46254 -3.01678 -0.109696 
5.46635 -3.01164 -0.109803 
5.47007 -3.0066 -0.109907 
5.4737 -3.00166 -0.110008 
5.47724 -2.99682 -0.110108 
5.48068 -2.99208 -0.110204 
5.48404 -2.98743 -0.110299 
5.4873 -2.98289 -0.11039 
5.49048 -2.97844 -0.11048 
5.49356 -2.9741 -0.110567 
5.49656 -2.96986 -0.110652 
5.49947 -2.96572 -0.110734 
5.5023 -2.96168 -0.110814 
5.50504 -2.95774 -0.110892 
5.50769 -2.9539 -0.110967 
5.51026 -2.95017 -0.11104 
5.51275 -2.94653 -0.11111 
5.51515 -2.94301 -0.111179 
5.51747 -2.93958 -0.111245 
5.51971 -2.93625 -0.111309 
5.52186 -2.93303 -0.11137 
5.52394 -2.92992 -0.11143 
5.52593 -2.92691 -0.111487 
5.52785 -2.924 -0.111542 
5.52969 -2.9212 -0.111594 
5.53144 -2.9185 -0.111645 
5.53313 -2.9159 -0.111693 
5.53473 -2.91342 -0.111739 
5.53626 -2.91104 -0.111784 
5.53771 -2.90876 -0.111825 
5.53908 -2.90659 -0.111865 
5.54038 -2.90453 -0.111903 
5.54161 -2.90257 -0.111938 
5.54276 -2.90073 -0.111972 
5.54384 -2.89899 -0.112003 
5.54484 -2.89736 -0.112032 
5.54578 -2.89583 -0.11206 
5.54664 -2.89442 -0.112085 
5.54743 -2.89311 -0.112108 
5.54815 -2.89191 -0.112129 
5.54881 -2.89083 -0.112148 
5.54939 -2.88985 -0.112165 
5.5499 -2.88898 -0.11218 
5.55035 -2.88823 -0.112193 
5.55072 -2.88758 -0.112204 
5.55104 -2.88705 -0.112214 
5.55128 -2.88663 -0.112221 
5.55146 -2.88632 -0.112226 
5.55157 -2.88612 -0.112229 
5.55162 -2.88604 -0.112231 
5.5516 -2.88607 -0.11223 
5.55152 -2.88621 -0.112228 
5.55138 -2.88646 -0.112224 
5.55117 -2.88683 -0.112218 
5.5509 -2.88732 -0.11221 
5.55057 -2.88792 -0.1122 
5.55018 -2.88863 -0.112188 
5.54973 -2.88946 -0.112174 
5.54922 -2.89041 -0.112159 
5.54865 -2.89147 -0.112142 
5.54802 -2.89265 -0.112123 
5.54733 -2.89395 -0.112102 
5.54658 -2.89536 -0.11208 
5.54578 -2.8969 -0.112055 
5.54492 -2.89855 -0.112029 
5.544 -2.90032 -0.112001 
5.54302 -2.90221 -0.111972 
5.542 -2.90422 -0.11194 
5.54091 -2.90635 -0.111907 
5.53977 -2.9086 -0.111872 
5.53858 -2.91097 -0.111836 
5.53734 -2.91346 -0.111798 
5.53604 -2.91608 -0.111758 
5.53469 -2.91881 -0.111716 
5.53329 -2.92167 -0.111673 
5.53184 -2.92465 -0.111628 
5.53034 -2.92776 -0.111582 
5.52879 -2.93099 -0.111534 
5.52719 -2.93435 -0.111484 
5.52554 -2.93783 -0.111433 
5.52384 -2.94144 -0.11138 
5.52209 -2.94517 -0.111325 
5.5203 -2.94903 -0.111269 
5.51846 -2.95301 -0.111211 
5.51657 -2.95713 -0.111152 
5.51464 -2.96137 -0.111091 
5.51267 -2.96574 -0.111029 
5.51065 -2.97024 -0.110965 
5.50858 -2.97487 -0.1109 
5.50647 -2.97963 -0.110833 
5.50432 -2.98452 -0.110765 
5.50213 -2.98954 -0.110695 
5.4999 -2.9947 -0.110623 
5.49763 -2.99998 -0.110551 
5.49531 -3.0054 -0.110476 
5.49296 -3.01096 -0.110401 
5.49057 -3.01664 -0.110324 
5.48813 -3.02247 -0.110245 
5.48567 -3.02842 -0.110165 
5.48316 -3.03452 -0.110084 
5.48062 -3.04075 -0.110001 
5.47804 -3.04711 -0.109917 
5.47542 -3.05362 -0.109832 
5.47278 -3.06026 -0.109745 
5.47009 -3.06705 -0.109657 
5.46738 -3.07397 -0.109567 
5.46463 -3.08103 -0.109476 
5.46185 -3.08824 -0.109384 
5.45904 -3.09558 -0.109291 
5.45619 -3.10307 -0.109196 
5.45332 -3.1107 -0.1091 
5.45042 -3.11847 -0.109003 
5.44749 -3.12639 -0.108905 
5.44453 -3.13446 -0.108805 
5.44154 -3.14267 -0.108704 
5.43853 -3.15102 -0.108602 
5.43549 -3.15953 -0.108499 
5.43243 -3.16818 -0.108395 
5.42934 -3.17698 -0.108289 
5.42623 -3.18593 -0.108183 
5.4231 -3.19503 -0.108075 
5.41995 -3.20429 -0.107966 
5.41677 -3.21369 -0.107856 
5.41357 -3.22325 -0.107745 
5.41036 -3.23296 -0.107632 
5.40712 -3.24283 -0.107519 
5.40387 -3.25285 -0.107405 
5.4006 -3.26302 -0.10729 
5.39731 -3.27336 -0.107173 
5.39401 -3.28385 -0.107056 
5.3907 -3.2945 -0.106937 
5.38737 -3.30531 -0.106818 
5.38403 -3.31628 -0.106698 
5.38067 -3.32741 -0.106577 
5.37731 -3.3387 -0.106455 
5.37393 -3.35016 -0.106332 
5.37055 -3.36178 -0.106208 
5.36716 -3.37357 -0.106083 
5.36376 -3.38552 -0.105958 
5.36036 -3.39764 -0.105831 
5.35695 -3.40993 -0.105704 
5.35354 -3.42238 -0.105576 
5.35013 -3.43501 -0.105447 
5.34671 -3.44781 -0.105318 
5.3433 -3.46078 -0.105188 
5.33988 -3.47392 -0.105057 
5.33647 -3.48724 -0.104925 
5.33306 -3.50073 -0.104793 
5.32965 -3.5144 -0.10466 
5.32625 -3.52825 -0.104527 
5.32286 -3.54228 -0.104393 
5.31947 -3.55648 -0.104258 
5.3161 -3.57087 -0.104123 
5.31273 -3.58544 -0.103987 
5.30938 -3.60019 -0.103851 
5.30604 -3.61513 -0.103714 
5.30271 -3.63025 -0.103577 
5.2994 -3.64556 -0.10344 
5.29611 -3.66106 -0.103302 
5.29284 -3.67675 -0.103164 
5.28959 -3.69263 -0.103025 
5.28636 -3.7087 -0.102886 
5.28316 -3.72497 -0.102747 
5.27998 -3.74143 -0.102608 
5.27683 -3.75808 -0.102468 
5.27371 -3.77494 -0.102328 
5.27061 -3.79199 -0.102189 
5.26756 -3.80924 -0.102049 
5.26453 -3.8267 -0.101909 
5.26154 -3.84436 -0.101768 
5.25859 -3.86222 -0.101628 
5.25568 -3.88029 -0.101488 
5.25282 -3.89857 -0.101349 
5.24999 -3.91705 -0.101209 
5.24722 -3.93575 -0.101069 
5.24449 -3.95466 -0.10093 
5.24181 -3.97378 -0.10079 
5.23919 -3.99312 -0.100652 
5.23662 -4.01267 -0.100513 
5.23411 -4.03245 -0.100375 
5.23166 -4.05244 -0.100237 
5.22927 -4.07266 -0.1001 
5.22695 -4.09309 -0.0999634 
5.2247 -4.11376 -0.0998273 
5.22252 -4.13465 -0.0996919 
5.22041 -4.15577 -0.0995571 
5.21838 -4.17712 -0.0994232 
5.21642 -4.1987 -0.09929 
5.21456 -4.22052 -0.0991578 
5.21277 -4.24257 -0.0990265 
5.21108 -4.26486 -0.0988962 
5.20948 -4.28739 -0.098767 
5.20797 -4.31016 -0.0986389 
5.20657 -4.33317 -0.0985121 
5.20527 -4.35643 -0.0983865 
5.20407 -4.37993 -0.0982623 
5.20299 -4.40368 -0.0981396 
5.20202 -4.42768 -0.0980184 
5.20117 -4.45194 -0.0978988 
5.20044 -4.47645 -0.097781 
5.19984 -4.50121 -0.0976649 
5.19937 -4.52623 -0.0975507 
5.19904 -4.55152 -0.0974384 
5.19885 -4.57706 -0.0973283 
5.19881 -4.60287 -0.0972203 
5.19892 -4.62894 -0.0971147 
5.19918 -4.65528 -0.0970114 
5.19961 -4.68189 -0.0969106 
5.2002 -4.70876 -0.0968125 
5.20097 -4.73592 -0.0967171 
5.20192 -4.76334 -0.0966247 
5.20305 -4.79104 -0.0965352 
5.20437 -4.81902 -0.0964488 
5.2059 -4.84728 -0.0963658 
5.20763 -4.87582 -0.0962862 
5.20957 -4.90465 -0.0962102 
5.21172 -4.93375 -0.0961379 
5.21411 -4.96315 -0.0960695 
5.21673 -4.99283 -0.0960052 
5.21959 -5.0228 -0.0959452 
5.22271 -5.05305 -0.0958895 
5.22608 -5.0836 -0.0958385 
5.22972 -5.11444 -0.0957923 
5.23364 -5.14558 -0.0957511 
5.23785 -5.177 -0.0957152 
5.24235 -5.20872 -0.0956847 
5.24716 -5.24073 -0.0956598 
5.25228 -5.27304 -0.0956409 
5.25774 -5.30565 -0.0956281 
5.26353 -5.33854 -0.0956217 
5.26967 -5.37173 -0.0956219 
5.27618 -5.40522 -0.0956291 
5.28306 -5.43899 -0.0956435 
5.29033 -5.47306 -0.0956654 
5.298 -5.50741 -0.0956951 
5.30608 -5.54205 -0.095733 
5.31459 -5.57698 -0.0957793 
5.32355 -5.61219 -0.0958343 
5.33296 -5.64767 -0.0958986 
5.34284 -5.68344 -0.0959723 
5.35322 -5.71947 -0.0960559 
5.36409 -5.75576 -0.0961497 
5.37549 -5.79232 -0.0962543 
5.38743 -5.82912 -0.0963699 
5.39993 -5.86618 -0.096497 
5.413 -5.90347 -0.096636 
5.42666 -5.94099 -0.0967875 
5.44093 -5.97873 -0.0969518 
5.45584 -6.01667 -0.0971295 
5.47139 -6.05482 -0.0973209 
5.48762 -6.09314 -0.0975268 
5.50453 -6.13164 -0.0977474 
5.52216 -6.17029 -0.0979835 
5.54051 -6.20907 -0.0982354 
5.55962 -6.24798 -0.0985038 
5.5795 -6.28698 -0.0987892 
5.60017 -6.32606 -0.0990921 
5.62166 -6.36519 -0.099413 
5.64397 -6.40435 -0.0997527 
5.66714 -6.44351 -0.100111 
5.69118 -6.48265 -0.10049 
5.7161 -6.52173 -0.100889 
5.74193 -6.56072 -0.101308 
5.76867 -6.59959 -0.101749 
5.79636 -6.63829 -0.102212 
5.82498 -6.6768 -0.102696 
5.85457 -6.71508 -0.103204 
5.88512 -6.75307 -0.103734 
5.91664 -6.79074 -0.104287 
5.94914 -6.82805 -0.104865 
5.98262 -6.86494 -0.105465 
6.01707 -6.90137 -0.10609 
6.0525 -6.9373 -0.106739 
6.08889 -6.97267 -0.107412 
6.12622 -7.00744 -0.108109 
6.1645 -7.04155 -0.10883 
6.20369 -7.07496 -0.109575 
6.24378 -7.10762 -0.110342 
6.28473 -7.13949 -0.111133 
6.32652 -7.17051 -0.111946 
6.36911 -7.20065 -0.112781 
6.41246 -7.22987 -0.113638 
6.45655 -7.25813 -0.114514 
6.50131 -7.2854 -0.11541 
6.54671 -7.31163 -0.116325 
6.5927 -7.33682 -0.117258 
6.63922 -7.36092 -0.118207 
6.68623 -7.38393 -0.119172 
6.73368 -7.40583 -0.120152 
6.7815 -7.4266 -0.121144 
6.82965 -7.44624 -0.122149 
6.87807 -7.46474 -0.123165 
6.92672 -7.48211 -0.124191 
6.97553 -7.49835 -0.125225 
7.02446 -7.51346 -0.126266 
7.07346 -7.52747 -0.127314 
7.12247 -7.54037 -0.128367 
7.17147 -7.5522 -0.129424 
7.2204 -7.56296 -0.130484 
7.26922 -7.57269 -0.131546 
7.31789 -7.5814 -0.132609 
7.36639 -7.58911 -0.133672 
7.41467 -7.59586 -0.134735 
7.4627 -7.60168 -0.135796 
7.51046 -7.60658 -0.136854 
7.55791 -7.6106 -0.137909 
7.60504 -7.61378 -0.138961 
7.65183 -7.61613 -0.140008 
7.69825 -7.61769 -0.141051 
7.74429 -7.61848 -0.142088 
7.78993 -7.61854 -0.143119 
7.83515 -7.6179 -0.144144 
7.87996 -7.61658 -0.145162 
7.92433 -7.61462 -0.146173 
7.96826 -7.61203 -0.147177 
8.01173 -7.60885 -0.148174 
8.05475 -7.6051 -0.149162 
8.09731 -7.6008 -0.150142 
8.13941 -7.59599 -0.151114 
8.18104 -7.59068 -0.152078 
8.2222 -7.5849 -0.153033 
8.26289 -7.57866 -0.153979 
8.3031 -7.572 -0.154916 
8.34285 -7.56493 -0.155845 
8.38213 -7.55748 -0.156764 
8.42093 -7.54965 -0.157675 
8.45928 -7.54147 -0.158576 
8.49715 -7.53296 -0.159469 
8.53457 -7.52413 -0.160352 
8.57153 -7.51499 -0.161227 
8.60803 -7.50558 -0.162092 
8.64408 -7.49589 -0.162949 
8.67969 -7.48595 -0.163796 
8.71485 -7.47576 -0.164634 
8.74958 -7.46535 -0.165464 
8.78387 -7.45472 -0.166284 
8.81772 -7.44388 -0.167096 
8.85116 -7.43285 -0.167899 
8.88417 -7.42164 -0.168693 
8.91677 -7.41026 -0.169479 
8.94896 -7.39871 -0.170256 
8.98074 -7.38701 -0.171025 
9.01212 -7.37517 -0.171785 
9.0431 -7.3632 -0.172537 
9.07369 -7.3511 -0.17328 
9.1039 -7.33889 -0.174015 
9.13372 -7.32656 -0.174742 
9.16317 -7.31413 -0.175461 
9.19225 -7.30161 -0.176172 
9.22095 -7.289 -0.176875 
9.2493 -7.27631 -0.177571 
9.27729 -7.26355 -0.178258 
9.30492 -7.25071 -0.178938 
9.33221 -7.23782 -0.17961 
9.35915 -7.22486 -0.180275 
9.38576 -7.21186 -0.180933 
9.41203 -7.1988 -0.181583 
9.43797 -7.18571 -0.182225 
9.46358 -7.17257 -0.182861 
9.48887 -7.15941 -0.183489 
9.51384 -7.14622 -0.184111 
9.5385 -7.133 -0.184725 
9.56285 -7.11976 -0.185333 
9.5869 -7.10651 -0.185933 
9.61064 -7.09324 -0.186527 
9.63408 -7.07996 -0.187115 
9.65724 -7.06668 -0.187695 
9.6801 -7.0534 -0.188269 
9.70267 -7.04011 -0.188837 
9.72497 -7.02684 -0.189398 
9.74698 -7.01356 -0.189953 
9.76872 -7.0003 -0.190502 
9.79018 -6.98705 -0.191045 
9.81138 -6.97382 -0.191581 
9.83231 -6.9606 -0.192111 
9.85298 -6.9474 -0.192636 
9.8734 -6.93423 -0.193154 
9.89355 -6.92108 -0.193667 
9.91346 -6.90795 -0.194174 
9.93311 -6.89486 -0.194675 
9.95252 -6.88179 -0.19517 
9.97168 -6.86876 -0.19566 
9.9906 -6.85577 -0.196144 
10.0093 -6.84281 -0.196622 
10.0277 -6.82989 -0.197096 
10.046 -6.81701 -0.197563 
10.064 -6.80417 -0.198026 
10.0817 -6.79137 -0.198483 
10.0993 -6.77862 -0.198935 
10.1166 -6.76592 -0.199381 
10.1337 -6.75326 -0.199823 
10.1506 -6.74065 -0.200259 
10.1672 -6.7281 -0.200691 
10.1837 -6.71559 -0.201117 
10.1999 -6.70314 -0.201539 
10.216 -6.69074 -0.201955 
10.2318 -6.6784 -0.202367 
10.2474 -6.66612 -0.202774 
10.2629 -6.65389 -0.203176 
10.2781 -6.64172 -0.203573 
10.2931 -6.62961 -0.203966 
10.308 -6.61756 -0.204354 
10.3226 -6.60558 -0.204738 
10.3371 -6.59365 -0.205117 
10.3514 -6.5818 -0.205492 
10.3655 -6.57 -0.205862 
10.3794 -6.55827 -0.206227 
10.3931 -6.54661 -0.206589 
10.4066 -6.53501 -0.206945 
10.42 -6.52348 -0.207298 
10.4332 -6.51203 -0.207646 
10.4462 -6.50064 -0.20799 
10.4591 -6.48932 -0.20833 
10.4717 -6.47807 -0.208666 
10.4842 -6.46689 -0.208998 
10.4966 -6.45579 -0.209325 
10.5087 -6.44476 -0.209649 
10.5207 -6.4338 -0.209968 
10.5326 -6.42292 -0.210284 
10.5443 -6.41211 -0.210595 
10.5558 -6.40137 -0.210903 
10.5671 -6.39072 -0.211207 
10.5784 -6.38014 -0.211507 
10.5894 -6.36963 -0.211803 
10.6003 -6.35921 -0.212095 
10.611 -6.34886 -0.212383 
10.6216 -6.33859 -0.212668 
10.6321 -6.3284 -0.212949 
10.6424 -6.31829 -0.213226 
10.6525 -6.30826 -0.2135 
10.6625 -6.29832 -0.21377 
10.6724 -6.28845 -0.214037 
10.6821 -6.27866 -0.2143 
10.6917 -6.26896 -0.214559 
10.7011 -6.25934 -0.214815 
10.7104 -6.2498 -0.215067 
10.7196 -6.24034 -0.215316 
10.7286 -6.23097 -0.215562 
10.7375 -6.22169 -0.215804 
10.7462 -6.21248 -0.216043 
10.7549 -6.20337 -0.216278 
10.7633 -6.19433 -0.21651 
10.7717 -6.18539 -0.216739 
10.7799 -6.17653 -0.216964 
10.788 -6.16775 -0.217186 
10.796 -6.15907 -0.217405 
10.8038 -6.15047 -0.217621 
10.8116 -6.14196 -0.217833 
10.8192 -6.13353 -0.218043 
10.8266 -6.1252 -0.218249 
10.834 -6.11695 -0.218452 
10.8412 -6.10879 -0.218652 
10.8483 -6.10072 -0.218849 
10.8553 -6.09274 -0.219043 
10.8622 -6.08485 -0.219233 
10.8689 -6.07705 -0.219421 
10.8756 -6.06934 -0.219606 
10.8821 -6.06172 -0.219788 
10.8885 -6.05419 -0.219967 
10.8948 -6.04676 -0.220142 
10.901 -6.03941 -0.220315 
10.9071 -6.03216 -0.220485 
10.913 -6.025 -0.220652 
10.9189 -6.01793 -0.220817 
10.9246 -6.01096 -0.220978 
10.9303 -6.00408 -0.221137 
10.9358 -5.99729 -0.221292 
10.9412 -5.99059 -0.221445 
10.9465 -5.98399 -0.221596 
10.9517 -5.97749 -0.221743 
10.9568 -5.97107 -0.221888 
10.9618 -5.96476 -0.22203 
10.9667 -5.95854 -0.222169 
10.9715 -5.95241 -0.222305 
10.9762 -5.94638 -0.222439 
10.9808 -5.94045 -0.22257 
10.9853 -5.93461 -0.222699 
10.9897 -5.92887 -0.222825 
10.994 -5.92322 -0.222948 
10.9982 -5.91767 -0.223069 
11.0024 -5.91222 -0.223187 
11.0064 -5.90687 -0.223303 
11.0103 -5.90161 -0.223416 
11.0141 -5.89646 -0.223526 
11.0178 -5.8914 -0.223634 
11.0215 -5.88644 -0.223739 
11.025 -5.88158 -0.223842 
11.0285 -5.87682 -0.223943 
11.0319 -5.87216 -0.224041 
11.0351 -5.86759 -0.224137 
11.0383 -5.86313 -0.22423 
11.0414 -5.85877 -0.22432 
11.0444 -5.85451 -0.224409 
11.0474 -5.85035 -0.224495 
11.0502 -5.84629 -0.224578 
11.0529 -5.84233 -0.224659 
11.0556 -5.83848 -0.224738 
11.0582 -5.83472 -0.224814 
11.0607 -5.83107 -0.224889 
11.0631 -5.82752 -0.22496 
11.0654 -5.82408 -0.22503 
11.0677 -5.82073 -0.225097 
11.0698 -5.81749 -0.225162 
11.0719 -5.81436 -0.225225 
11.0739 -5.81133 -0.225285 
11.0759 -5.8084 -0.225343 
11.0777 -5.80558 -0.225399 
11.0795 -5.80286 -0.225453 
11.0812 -5.80025 -0.225505 
11.0828 -5.79774 -0.225554 
11.0843 -5.79534 -0.225601 
11.0858 -5.79305 -0.225646 
11.0872 -5.79086 -0.225689 
11.0885 -5.78877 -0.22573 
11.0897 -5.7868 -0.225769 
11.0909 -5.78493 -0.225805 
11.092 -5.78317 -0.225839 
11.093 -5.78152 -0.225872 
11.0939 -5.77998 -0.225902 
11.0948 -5.77854 -0.22593 
11.0956 -5.77722 -0.225956 
11.0963 -5.776 -0.22598 
11.097 -5.77489 -0.226002 
11.0976 -5.7739 -0.226022 
11.0981 -5.77301 -0.22604 
11.0986 -5.77223 -0.226056 
11.0989 -5.77157 -0.22607 
11.0993 -5.77101 -0.226082 
11.0995 -5.77057 -0.226092 
11.0997 -5.77024 -0.2261 
11.0998 -5.77002 -0.226106 
11.0999 -5.76991 -0.22611 
11.0999 -5.76992 -0.226112 
11.0998 -5.77004 -0.226112 
11.0997 -5.77028 -0.22611 
11.0995 -5.77062 -0.226107 
11.0992 -5.77109 -0.226101 
11.0989 -5.77167 -0.226094 
11.0985 -5.77236 -0.226085 
11.0981 -5.77317 -0.226074 
11.0976 -5.77409 -0.226061 
11.097 -5.77513 -0.226046 
11.0964 -5.77629 -0.22603 
11.0957 -5.77757 -0.226011 
11.095 -5.77896 -0.225991 
11.0942 -5.78047 -0.225969 
11.0933 -5.7821 -0.225945 
11.0924 -5.78384 -0.22592 
11.0914 -5.78571 -0.225892 
11.0904 -5.7877 -0.225863 
11.0893 -5.7898 -0.225833 
11.0882 -5.79203 -0.2258 
11.087 -5.79438 -0.225766 
11.0858 -5.79685 -0.22573 
11.0845 -5.79944 -0.225692 
11.0832 -5.80215 -0.225653 
11.0818 -5.80499 -0.225612 
11.0803 -5.80795 -0.225569 
11.0788 -5.81103 -0.225525 
11.0773 -5.81424 -0.225479 
11.0757 -5.81757 -0.225431 
11.074 -5.82103 -0.225382 
11.0724 -5.82461 -0.225331 
11.0706 -5.82832 -0.225278 
11.0688 -5.83215 -0.225224 
11.067 -5.83611 -0.225168 
11.0651 -5.8402 -0.225111 
