             50        -1.3364          0.624
            100        -1.2785         0.5046
            150          -1.28     0.53016667
            200       -1.26055        0.46395
            250       -1.22256        0.40118
            300     -1.2119333     0.38721667
            350     -1.2173429         0.4131
            400      -1.237525       0.453725
            450     -1.2525556     0.48094444
            500       -1.25854        0.49878
            550     -1.2538364     0.48892727
            600     -1.2537167     0.48664167
            650     -1.2572923     0.48716923
            700     -1.2606286     0.49557143
            750     -1.2675067     0.50997333
            800     -1.2745625     0.52136875
            850     -1.2848235     0.53654706
            900     -1.2853667     0.53616667
            950     -1.2786737     0.51954211
           1000       -1.28075       0.525305
           1050     -1.2766571     0.52182381
           1100     -1.2774273     0.52738182
           1150     -1.2818696     0.53425217
           1200        -1.2844     0.54057083
           1250        -1.2854        0.54522
           1300     -1.2845462     0.54605385
           1350     -1.2877926     0.55161111
           1400     -1.2879071     0.55453571
           1450        -1.2908     0.55924483
           1500     -1.2906533        0.55966
           1550     -1.2916194     0.56232903
           1600     -1.2892625     0.55947187
           1650     -1.2853212     0.54758788
           1700     -1.2828176     0.54381765
           1750     -1.2818571     0.54507429
           1800     -1.2834889     0.54896111
           1850     -1.2821081     0.54715946
           1900     -1.2799474     0.54535789
           1950     -1.2770872     0.53488205
           2000      -1.271865       0.525205
           2050     -1.2681756     0.51847317
           2100     -1.2669905     0.51318333
           2150      -1.267814     0.51516047
           2200        -1.2677     0.51665455
           2250     -1.2681556     0.51931778
           2300      -1.268413     0.51848913
           2350     -1.2684851     0.51745106
           2400     -1.2659292     0.50990208
           2450     -1.2631102     0.50606939
           2500       -1.26194        0.50326
           2550     -1.2608392     0.50243725
           2600     -1.2614115     0.50334423
           2650     -1.2639547     0.50726604
           2700     -1.2659667     0.51118704
           2750     -1.2651418     0.50959091
           2800     -1.2630464     0.50505714
           2850     -1.2618772     0.50200351
           2900     -1.2621034     0.50384828
           2950     -1.2620678     0.50424746
           3000       -1.26111     0.50130667
           3050      -1.260423     0.49882951
           3100     -1.2591258      0.4971629
           3150     -1.2559841      0.4920619
           3200     -1.2541156     0.48887344
           3250     -1.2556123     0.49242769
           3300     -1.2551727     0.49200909
           3350      -1.253406     0.48998209
           3400     -1.2498088     0.48530588
           3450     -1.2481884     0.48263623
           3500     -1.2471171     0.47808429
           3550     -1.2461465     0.47536479
           3600     -1.2456306     0.47322361
           3650     -1.2433425     0.46751096
           3700     -1.2417216     0.46344595
           3750      -1.240808     0.46182667
           3800     -1.2399368     0.46008684
           3850     -1.2385844     0.45978571
           3900     -1.2393256         0.4615
           3950     -1.2398582     0.46253038
           4000     -1.2397225     0.46373875
           4050     -1.2408494     0.46567531
           4100     -1.2419146     0.46784146
           4150     -1.2408506     0.46599759
           4200     -1.2396976     0.46364405
           4250     -1.2389741     0.46139412
           4300     -1.2374512     0.46004651
           4350     -1.2369908     0.45997011
           4400     -1.2362091     0.45809659
           4450     -1.2360202     0.45881348
           4500     -1.2374911     0.46160222
           4550      -1.237611     0.46202088
           4600     -1.2370196     0.45956957
           4650     -1.2368581     0.45927312
           4700     -1.2364043      0.4585617
           4750     -1.2359537     0.45640211
           4800       -1.23475     0.45486458
           4850     -1.2344557     0.45509897
           4900     -1.2346122     0.45604592
           4950     -1.2361253     0.45842121
           5000       -1.23614        0.45875
           5050     -1.2358713      0.4588495
           5100      -1.237202     0.46135196
           5150      -1.237934     0.46272039
           5200     -1.2386962     0.46443269
           5250     -1.2390743     0.46500381
           5300     -1.2398509     0.46641887
           5350     -1.2405047     0.46819065
           5400     -1.2414907     0.46999722
           5450     -1.2420587     0.47196422
           5500     -1.2427164     0.47364545
           5550     -1.2421207     0.47196577
           5600     -1.2411107     0.47155536
           5650     -1.2419239     0.47305841
           5700     -1.2416982     0.47362895
           5750     -1.2417339      0.4746113
           5800     -1.2427379     0.47648017
           5850     -1.2420137     0.47568205
           5900     -1.2414034     0.47411186
           5950     -1.2403597     0.47230672
           6000     -1.2401133     0.47214917
           6050     -1.2397008     0.47117107
           6100     -1.2388902     0.46995574
           6150      -1.239878     0.47144715
           6200      -1.240721     0.47303226
           6250     -1.2415968      0.4745216
           6300     -1.2424825     0.47613095
           6350      -1.243989     0.47836142
           6400     -1.2438422     0.47879453
           6450     -1.2437783     0.47878372
           6500     -1.2430708     0.47604692
           6550     -1.2422519     0.47313817
           6600     -1.2410121     0.47036591
           6650     -1.2404586     0.46759173
           6700      -1.239603     0.46513881
           6750       -1.23864     0.46299111
           6800     -1.2378588     0.46019779
           6850     -1.2367153     0.45856058
           6900     -1.2359275     0.45851159
           6950     -1.2357165     0.45807194
           7000     -1.2357643     0.45874286
