          10000      1.5000000     -1.9448000      15.558400     0.42941184     0.19084971     0.11395000      3.9081000      3.8561616    0.035702073
          10000      1.5375000     -1.9342000      15.473600     0.50908144     0.21535602     0.14270000      3.8902000      3.8087468    0.041797724
          10000      1.5750000     -1.9196000      15.356800     0.61734336     0.24886606    -0.14490000      3.8650000      3.7810160    0.051059581
          10000      1.6125000     -1.9142000      15.313600     0.65695344     0.25265922   -0.060600000      3.8554000      3.8407106    0.054041898
          10000      1.6500000     -1.9130000      15.304000     0.66572400     0.24452672    -0.10425000      3.8547000      3.8112278    0.051212794
          10000      1.6875000     -1.9060000      15.248000     0.71665600     0.25166521   -0.040000000      3.8436000      3.8372000    0.052922216
          10000      1.7250000     -1.8868000      15.094400     0.85434304     0.28711381   -0.063950000      3.8131000      3.7967416    0.059401919
          10000      1.7625000     -1.8736000      14.992000     0.95049216     0.30597806    0.013200000      3.7898000      3.7891030    0.067372482
          10000      1.8000000     -1.8704000      14.966400     0.97281536     0.30025165  -0.0041000000      3.7858000      3.7857328    0.065449422
          10000      1.8375000     -1.8434000      14.747200      1.1547058     0.34199254   -0.040850000      3.7397000      3.7330251    0.078229284
          10000      1.8750000     -1.8462000      14.776000      1.1421822     0.32488739    -0.13755000      3.7441000      3.6684200    0.076583333
          10000      1.9125000     -1.8402000      14.737600      1.1922558     0.32596170    0.032950000      3.7373000      3.7329572    0.074303158
          10000      1.9500000     -1.8160000      14.540800      1.3493760     0.35486548   -0.024700000      3.6918000      3.6893596    0.090346154
          10000      1.9875000     -1.8168000      14.544000      1.3409510     0.33946785    0.042950000      3.6977000      3.6903212    0.081595930
          10000      2.0250000     -1.8090000      14.491200      1.4012760     0.34172254    -0.13785000      3.6819000      3.6058895    0.088216844
          10000      2.0625000     -1.7732000      14.198400      1.6214470     0.38116661     0.11235000      3.6259000      3.5754099    0.095207947
          10000      2.1000000     -1.7688000      14.153600      1.6389862     0.37165221    0.036350000      3.6155000      3.6102147    0.098065595
          10000      2.1375000     -1.7538000      14.043200      1.7399422     0.38082249    0.057100000      3.5896000      3.5765584     0.10403509
          10000      2.1750000     -1.7642000      14.132800      1.6831934     0.35580784   -0.048400000      3.6086000      3.5992298    0.097109775
          10000      2.2125000     -1.6990000      13.614400      2.0679960     0.42245761    0.019550000      3.4975000      3.4959712     0.12109902
          10000      2.2500000     -1.7192000      13.772800      1.9502054     0.38522577   -0.040150000      3.5365000      3.5300519     0.10590257
          10000      2.2875000     -1.6940000      13.590400      2.1118560     0.40359158   -0.093100000      3.4924000      3.4577296     0.11662689
          10000      2.3250000     -1.6754000      13.441600      2.2137394     0.40952514   -0.039250000      3.4613000      3.4551378     0.12061409
          10000      2.3625000     -1.6690000      13.371200      2.2289560     0.39935384    0.064600000      3.4492000      3.4325074     0.12036360
          10000      2.4000000     -1.6526000      13.252800      2.3284530     0.40424531 -0.00090000000      3.4236000      3.4235968     0.12259958
          10000      2.4375000     -1.6228000      13.024000      2.4900806     0.41910627    0.080950000      3.3753000      3.3490884     0.12847179
          10000      2.4750000     -1.6168000      12.969600      2.5134310     0.41031422   -0.061800000      3.3690000      3.3537230     0.12383838
          10000      2.5125000     -1.5992000      12.841600      2.6118374     0.41374618   -0.045200000      3.3368000      3.3286278     0.13053247
          10000      2.5500000     -1.5996000      12.844800      2.6099194     0.40137168   0.0020000000      3.3384000      3.3383840     0.12760720
          10000      2.5875000     -1.5770000      12.673600      2.7258840     0.40714270   -0.040050000      3.2967000      3.2902840     0.13592301
          10000      2.6250000     -1.5582000      12.523200      2.8112510     0.40798201    0.049250000      3.2713000      3.2615977     0.13291800
          10000      2.6625000     -1.5472000      12.435200      2.8598886     0.40343158    0.041700000      3.2496000      3.2426444     0.13659289
          10000      2.7000000     -1.5236000      12.272000      2.9865722     0.40968068 -0.00030000000      3.2140000      3.2139996     0.13855591
          10000      2.7375000     -1.4778000      11.908800      3.1732286     0.42344120    0.042850000      3.1335000      3.1261555     0.14977531
          10000      2.7750000     -1.4864000      11.964800      3.1272602     0.40610472   -0.019900000      3.1524000      3.1508160     0.14131533
          10000      2.8125000     -1.5034000      12.107200      3.0663538     0.38764769    0.022150000      3.1761000      3.1741375     0.14040061
          10000      2.8500000     -1.4558000      11.732800      3.2553854     0.40078614   -0.024250000      3.1023000      3.0999478     0.14354063
          10000      2.8875000     -1.4338000      11.560000      3.3368702     0.40021682    0.010000000      3.0598000      3.0594000     0.15033899
          10000      2.9250000     -1.4428000      11.670400      3.3437126     0.39082038   0.0011000000      3.0790000      3.0789952     0.14631274
          10000      2.9625000     -1.4116000      11.395200      3.4247418     0.39022143    0.012900000      3.0268000      3.0261344     0.14803799
         100000      1.5000000     -1.9429800      15.544480     0.44379488     0.19724217    0.022555000      3.9050100      3.9029751    0.037070160
         100000      1.5375000     -1.9357000      15.486880     0.49914204     0.21115137    0.034915000      3.8928700      3.8879938    0.040760151
         100000      1.5750000     -1.9278200      15.425440     0.55948019     0.22554001    0.011970000      3.8796400      3.8790669    0.044915118
         100000      1.6125000     -1.9200400      15.361280     0.61506559     0.23654947   -0.028265000      3.8662900      3.8630944    0.048765571
         100000      1.6500000     -1.9118400      15.296640     0.67611126     0.24834206   -0.014265000      3.8532100      3.8523960    0.051368750
         100000      1.6875000     -1.8969000      15.177440     0.78452156     0.27549728    0.026860000      3.8282200      3.8253342    0.058526701
         100000      1.7250000     -1.8915400      15.135520     0.82382571     0.27685804   -0.013700000      3.8186800      3.8179292    0.061207094
         100000      1.7625000     -1.8811600      15.051840     0.89678822     0.28868993   -0.033160000      3.8025600      3.7981617    0.063203894
         100000      1.8000000     -1.8690800      14.956480     0.98263981     0.30328389   -0.021675000      3.7820500      3.7801708    0.068618859
         100000      1.8375000     -1.8571000      14.863520      1.0682384     0.31638324    0.013520000      3.7623800      3.7616488    0.072864425
         100000      1.8750000     -1.8466400      14.775360      1.1350428     0.32285663   -0.024315000      3.7449500      3.7425851    0.075680347
         100000      1.9125000     -1.8258000      14.612160      1.2779774     0.34939791   -0.041200000      3.7095800      3.7027902    0.084867505
         100000      1.9500000     -1.8187000      14.557280      1.3266012     0.34887607   0.0030550000      3.6987100      3.6986727    0.085167682
         100000      1.9875000     -1.8035000      14.437600      1.4271510     0.36128976   0.0030150000      3.6739500      3.6739136    0.089364014
         100000      2.0250000     -1.7943400      14.363360      1.4847359     0.36207550    0.012565000      3.6587700      3.6581385    0.091202009
         100000      2.0625000     -1.7767600      14.226560      1.5990556     0.37590288   0.0093950000      3.6299300      3.6295769    0.096281837
         100000      2.1000000     -1.7598000      14.091520      1.7039358     0.38638001   -0.021950000      3.6009000      3.5989728     0.10203311
         100000      2.1375000     -1.7528400      14.040000      1.7502077     0.38306930   -0.015655000      3.5890500      3.5880697     0.10355457
         100000      2.1750000     -1.7391000      13.926880      1.8290048     0.38663068 -0.00076000000      3.5661600      3.5661577     0.10631108
         100000      2.2125000     -1.7215000      13.788640      1.9343910     0.39516430  -0.0095050000      3.5380500      3.5376886     0.10936653
         100000      2.2500000     -1.7032200      13.652640      2.0488065     0.40470252   0.0033000000      3.5075400      3.5074964     0.11467957
         100000      2.2875000     -1.6924000      13.562240      2.1053690     0.40235186   -0.014130000      3.4895400      3.4887414     0.11584765
         100000      2.3250000     -1.6837600      13.496960      2.1567690     0.39898607   -0.026895000      3.4749300      3.4720366     0.11727120
         100000      2.3625000     -1.6592200      13.307040      2.2949960     0.41118597   0.0023400000      3.4345400      3.4345181     0.12281901
         100000      2.4000000     -1.6398200      13.150560      2.3945215     0.41571553   0.0078050000      3.4015100      3.4012663     0.12708379
         100000      2.4375000     -1.6284200      13.066400      2.4593932     0.41394126  -0.0064900000      3.3846600      3.3844915     0.12670587
         100000      2.4750000     -1.6138400      12.951680      2.5337618     0.41363319  -0.0027850000      3.3591300      3.3590990     0.13010996
         100000      2.5125000     -1.5975400      12.820320      2.6117838     0.41373769   0.0058500000      3.3323200      3.3321831     0.13195065
         100000      2.5500000     -1.5838400      12.721280      2.6870834     0.41323851  -0.0048400000      3.3109400      3.3108463     0.13292976
         100000      2.5875000     -1.5507000      12.459360      2.8406780     0.42428854   0.0077200000      3.2549000      3.2546616     0.13992011
         100000      2.6250000     -1.5452600      12.426720      2.8754061     0.41729250  -0.0034300000      3.2462400      3.2461929     0.13967034
         100000      2.6625000     -1.5299800      12.308320      2.9449648     0.41543289  -0.0065750000      3.2220700      3.2218971     0.14023189
         100000      2.7000000     -1.5157400      12.196960      3.0070890     0.41249506   -0.024790000      3.1984600      3.1960018     0.14142083
         100000      2.7375000     -1.5024600      12.089120      3.0595758     0.40827516  -0.0073950000      3.1756500      3.1754313     0.14268116
         100000      2.7750000     -1.4819600      11.928960      3.1441382     0.40829650   -0.014675000      3.1443900      3.1435286     0.14267509
         100000      2.8125000     -1.4753000      11.890080      3.1840396     0.40252551   0.0086800000      3.1321800      3.1318786     0.14402064
         100000      2.8500000     -1.4570000      11.743680      3.2522840     0.40040431  -0.0091800000      3.1031600      3.1028229     0.14432601
         100000      2.8875000     -1.4428400      11.641280      3.3141309     0.39748951   0.0038900000      3.0808200      3.0807595     0.14475619
         100000      2.9250000     -1.4326200      11.552160      3.3425597     0.39068563  -0.0016200000      3.0637000      3.0636895     0.14421875
         100000      2.9625000     -1.4238600      11.492640      3.3831308     0.38548020 -0.00045500000      3.0491500      3.0491492     0.14454537
        1000000      1.5000000     -1.9441780      15.553808     0.43449562     0.19310916  -0.0061540000      3.9071080      3.9069565    0.036072023
        1000000      1.5375000     -1.9364520      15.492480     0.49309461     0.20859313  -0.0063590000      3.8941740      3.8940123    0.040136587
        1000000      1.5750000     -1.9277820      15.423152     0.55777824     0.22485391  -0.0033285000      3.8797750      3.8797307    0.044264729
        1000000      1.6125000     -1.9196420      15.358672     0.61857037     0.23789738  -0.0065365000      3.8663830      3.8662121    0.047724802
        1000000      1.6500000     -1.9088780      15.272752     0.69749112     0.25619509  -0.0041600000      3.8482000      3.8481308    0.053120644
        1000000      1.6875000     -1.8990860      15.195248     0.76913746     0.27009491   0.0061955000      3.8318410      3.8316875    0.057432632
        1000000      1.7250000     -1.8900860      15.123600     0.83389965     0.28024353  -0.0022405000      3.8169910      3.8169709    0.060712743
        1000000      1.7625000     -1.8801920      15.044480     0.90399217     0.29100900  -0.0055310000      3.8005360      3.8004136    0.064409404
        1000000      1.8000000     -1.8655440      14.928736      1.0077183     0.31102418    0.014025000      3.7762660      3.7754792    0.070252466
        1000000      1.8375000     -1.8555820      14.849296      1.0765578     0.31884723   -0.010298000      3.7598500      3.7594258    0.073315796
        1000000      1.8750000     -1.8445200      14.762080      1.1530639     0.32798261  0.00015500000      3.7416880      3.7416879    0.076717519
        1000000      1.9125000     -1.8304500      14.650224      1.2480352     0.34121172   0.0041735000      3.7180570      3.7179873    0.081861219
        1000000      1.9500000     -1.8196480      14.566208      1.3217326     0.34759569  -0.0031055000      3.7002190      3.7001804    0.085021887
        1000000      1.9875000     -1.8036180      14.437424      1.4252724     0.36081419   0.0062410000      3.6733060      3.6731502    0.090341822
        1000000      2.0250000     -1.7928700      14.352912      1.4953807     0.36467140  -0.0040645000      3.6553630      3.6552969    0.093234261
        1000000      2.0625000     -1.7775880      14.232672      1.5933956     0.37457234   0.0031315000      3.6302710      3.6302318    0.097264366
        1000000      2.1000000     -1.7628840      14.116960      1.6859200     0.38229479   0.0086030000      3.6058260      3.6055300     0.10123304
        1000000      2.1375000     -1.7487720      14.005856      1.7730420     0.38806705  -0.0077815000      3.5825630      3.5823208     0.10449911
        1000000      2.1750000     -1.7331280      13.883392      1.8684613     0.39497135   0.0045780000      3.5568020      3.5567182     0.10813838
        1000000      2.2125000     -1.7160320      13.747456      1.9683927     0.40211029   0.0016090000      3.5281600      3.5281496     0.11240668
        1000000      2.2500000     -1.7053120      13.664352      2.0319959     0.40138191  -0.0020360000      3.5108540      3.5108374     0.11369020
        1000000      2.2875000     -1.6898260      13.545456      2.1234084     0.40579932   0.0059135000      3.4849770      3.4848371     0.11734715
        1000000      2.3250000     -1.6739060      13.418800      2.2109548     0.40901002  -0.0083910000      3.4589260      3.4586444     0.11990290
        1000000      2.3625000     -1.6588860      13.300400      2.2927890     0.41079055  -0.0090295000      3.4342010      3.4338749     0.12231071
        1000000      2.4000000     -1.6422060      13.172784      2.3854218     0.41413573   0.0039900000      3.4066760      3.4066123     0.12544431
        1000000      2.4375000     -1.6280020      13.060880      2.4593180     0.41392860  -0.0015725000      3.3831010      3.3830911     0.12751208
        1000000      2.4750000     -1.6134920      12.948800      2.5353743     0.41389642   0.0052560000      3.3595000      3.3593895     0.12923966
        1000000      2.5125000     -1.5968640      12.819360      2.6194615     0.41495392 -0.00045200000      3.3317900      3.3317892     0.13192171
        1000000      2.5500000     -1.5805300      12.691888      2.6995877     0.41516150 -1.6000000E-05      3.3051020      3.3051020     0.13381023
        1000000      2.5875000     -1.5644620      12.566096      2.7759306     0.41461775  -0.0076810000      3.2781380      3.2779020     0.13613094
        1000000      2.6250000     -1.5518560      12.473024      2.8399958     0.41215359  0.00068150000      3.2579550      3.2579531     0.13698085
        1000000      2.6625000     -1.5379700      12.366064      2.9046571     0.40974687  0.00056400000      3.2354260      3.2354247     0.13794319
        1000000      2.7000000     -1.5213840      12.235712      2.9772749     0.40840534 -0.00037600000      3.2082880      3.2082874     0.13935435
        1000000      2.7375000     -1.5043800      12.105728      3.0530913     0.40740986  -0.0018440000      3.1793600      3.1793464     0.14194798
        1000000      2.7750000     -1.4911480      12.003136      3.1090466     0.40373951 -0.00088450000      3.1581010      3.1580979     0.14225465
        1000000      2.8125000     -1.4753760      11.883008      3.1760706     0.40151807   0.0023430000      3.1325120      3.1324900     0.14327418
        1000000      2.8500000     -1.4588280      11.759296      3.2465795     0.39970200   0.0042175000      3.1057510      3.1056799     0.14442786
        1000000      2.8875000     -1.4444500      11.645552      3.2998088     0.39577175 -0.00015650000      3.0810930      3.0810929     0.14575359
        1000000      2.9250000     -1.4299600      11.534656      3.3555136     0.39219970   0.0034700000      3.0577800      3.0577318     0.14607600
        1000000      2.9625000     -1.4151820      11.424272      3.4133116     0.38891906  -0.0017975000      3.0336390      3.0336261     0.14683377
       10000000      1.5000000     -1.9438864      15.551837     0.43705946     0.19424865  0.00096745000      3.9065155      3.9065118    0.036523620
       10000000      1.5375000     -1.9359786      15.488757     0.49670424     0.21012011   0.0022186500      3.8933157      3.8932960    0.040568601
       10000000      1.5750000     -1.9278958      15.424261     0.55713194     0.22459337   0.0037281000      3.8798980      3.8798424    0.044350756
       10000000      1.6125000     -1.9190524      15.353962     0.62291314     0.23956758   0.0027742000      3.8652036      3.8651728    0.048418180
       10000000      1.6500000     -1.9096526      15.279134     0.69204219     0.25419364  -0.0025417000      3.8495942      3.8495684    0.052536247
       10000000      1.6875000     -1.9000590      15.202760     0.76186319     0.26754043   0.0018037500      3.8336299      3.8336169    0.056584566
       10000000      1.7250000     -1.8898848      15.122074     0.83541537     0.28075291  -0.0046851000      3.8167618      3.8166740    0.060654037
       10000000      1.7625000     -1.8793344      15.038144     0.91055285     0.29312098  0.00070005000      3.7991743      3.7991723    0.064806499
       10000000      1.8000000     -1.8682758      14.950376     0.98855814     0.30511054 -9.5500000E-05      3.7808368      3.7808368    0.068857767
       10000000      1.8375000     -1.8562698      14.855026      1.0720753     0.31751965  0.00027430000      3.7607646      3.7607643    0.073372930
       10000000      1.8750000     -1.8438128      14.756387      1.1578046     0.32933110   0.0018010500      3.7401505      3.7401375    0.077572607
       10000000      1.9125000     -1.8315650      14.659509      1.2409874     0.33928486   0.0022233000      3.7198306      3.7198108    0.081533606
       10000000      1.9500000     -1.8183950      14.554930      1.3286881     0.34942488   0.0013108500      3.6980013      3.6979944    0.085593177
       10000000      1.9875000     -1.8056324      14.454205      1.4129713     0.35770011   0.0027490000      3.6768024      3.6767722    0.089390705
       10000000      2.0250000     -1.7920942      14.347394      1.5009871     0.36603862  -0.0026627500      3.6543757      3.6543473    0.093214670
       10000000      2.0625000     -1.7782422      14.238117      1.5895355     0.37366491   0.0012025500      3.6314493      3.6314435    0.096918055
       10000000      2.1000000     -1.7637544      14.123539      1.6802209     0.38100246 -4.9800000E-05      3.6074324      3.6074324     0.10066440
       10000000      2.1375000     -1.7489032      14.006832      1.7721824     0.38787891 -0.00057385000      3.5828271      3.5828258     0.10438685
       10000000      2.1750000     -1.7343828      13.892675      1.8603404     0.39325468   0.0024870500      3.5588431      3.5588184     0.10767965
       10000000      2.2125000     -1.7198996      13.778586      1.9463671     0.39761081   0.0022135000      3.5348444      3.5348248     0.11083254
       10000000      2.2500000     -1.7049622      13.662094      2.0345100     0.40187852 -0.00018210000      3.5100420      3.5100419     0.11412465
       10000000      2.2875000     -1.6897000      13.542550      2.1222060     0.40556955  0.00011865000      3.4847851      3.4847850     0.11718062
       10000000      2.3250000     -1.6737286      13.417106      2.2116359     0.40913602  0.00065070000      3.4584796      3.4584779     0.12009714
       10000000      2.3625000     -1.6586932      13.299651      2.2945987     0.41111479   0.0013568500      3.4336069      3.4335995     0.12273612
       10000000      2.4000000     -1.6435240      13.181840      2.3771554     0.41270060   0.0015954000      3.4086498      3.4086396     0.12516684
       10000000      2.4375000     -1.6274444      13.056243      2.4619421     0.41437027  -0.0010409000      3.3822300      3.3822257     0.12758962
       10000000      2.4750000     -1.6120294      12.936920      2.5423649     0.41503763  0.00032710000      3.3567458      3.3567454     0.12993008
       10000000      2.5125000     -1.5975012      12.823661      2.6156205     0.41434546  -0.0025662500      3.3327997      3.3327734     0.13174124
       10000000      2.5500000     -1.5813364      12.698886      2.6963872     0.41466931 -0.00025220000      3.3063486      3.3063483     0.13375082
       10000000      2.5875000     -1.5661282      12.580283      2.7692530     0.41362038 -0.00035735000      3.2812029      3.2812024     0.13553632
       10000000      2.6250000     -1.5498392      12.454675      2.8466690     0.41312203  0.00034880000      3.2543236      3.2543231     0.13751143
       10000000      2.6625000     -1.5346246      12.337874      2.9175829     0.41157025  -0.0011566500      3.2294435      3.2294381     0.13893514
       10000000      2.7000000     -1.5197520      12.222867      2.9842826     0.40936662  0.00058770000      3.2050122      3.2050108     0.14020564
       10000000      2.7375000     -1.5036866      12.099410      3.0551160     0.40768004   0.0013755000      3.1786820      3.1786744     0.14162269
       10000000      2.7750000     -1.4883764      11.981472      3.1204148     0.40521578 -0.00028340000      3.1534522      3.1534519     0.14286522
       10000000      2.8125000     -1.4746318      11.877675      3.1795194     0.40195406 -0.00065150000      3.1310538      3.1310521     0.14363994
       10000000      2.8500000     -1.4586384      11.755011      3.2445073     0.39944688  -0.0012737000      3.1049222      3.1049157     0.14467397
       10000000      2.8875000     -1.4435006      11.639576      3.3048001     0.39637039   0.0023239500      3.0800809      3.0800593     0.14558823
       10000000      2.9250000     -1.4282228      11.522445      3.3631633     0.39309382 -0.00048335000      3.0552963      3.0552954     0.14617136
       10000000      2.9625000     -1.4145474      11.418357      3.4145794     0.38906351  -0.0019365000      3.0327348      3.0327198     0.14676492
