             50        -1.3592         0.6477
            100        -1.2997         0.5405
            150        -1.2932     0.55553333
            200        -1.3274       0.609175
            250        -1.3594        0.64926
            300     -1.3537667     0.63708333
            350     -1.3521429     0.64251429
            400       -1.35185         0.6499
            450     -1.3331333     0.63154444
            500       -1.30862        0.59491
            550     -1.3102727     0.59965455
            600     -1.3062667         0.5926
            650        -1.2918     0.56141538
            700     -1.2737857     0.53302143
            750     -1.2737067     0.53483333
            800     -1.2772875     0.54151875
            850     -1.2755059     0.53889412
            900     -1.2687778     0.52570556
            950     -1.2743895     0.53395789
           1000       -1.27722       0.540325
           1050     -1.2728095     0.53710952
           1100     -1.2672545        0.51995
           1150     -1.2627652     0.50366957
           1200     -1.2601667     0.48772083
           1250      -1.259776        0.48484
           1300     -1.2576846        0.48065
           1350      -1.253437     0.47912593
           1400     -1.2542286     0.48335357
           1450     -1.2578276     0.48897241
           1500     -1.2621867     0.49603333
           1550     -1.2621548     0.49785484
           1600     -1.2637813       0.498475
           1650     -1.2633576     0.49995455
           1700     -1.2613588     0.49663824
           1750     -1.2585029     0.49227714
           1800     -1.2617056     0.49767222
           1850     -1.2642973     0.50347568
           1900     -1.2660421     0.50681842
           1950     -1.2643385     0.50376154
           2000      -1.260315      0.4938825
           2050     -1.2558049     0.48410244
           2100     -1.2550762     0.48357143
           2150     -1.2531116     0.48273721
           2200     -1.2530364     0.48165909
           2250     -1.2514356     0.47786444
           2300     -1.2541304      0.4831413
           2350      -1.253566     0.48309574
           2400     -1.2514833      0.4779875
           2450     -1.2484449     0.47116939
           2500      -1.246864       0.463704
           2550     -1.2437137     0.45759608
           2600     -1.2410615     0.45359231
           2650     -1.2378792     0.44906226
           2700     -1.2352593     0.44242778
           2750     -1.2347709     0.43614182
           2800     -1.2321679     0.43014464
           2850     -1.2312421     0.42616667
           2900     -1.2287517     0.42481207
           2950     -1.2287458     0.42072373
           3000     -1.2268833        0.41559
           3050     -1.2260295     0.41260164
           3100     -1.2266645     0.41546774
           3150     -1.2269651      0.4182873
           3200     -1.2260813     0.41462969
           3250     -1.2244215     0.41242923
           3300     -1.2250273     0.41381364
           3350     -1.2227821     0.41040149
           3400     -1.2226147     0.41073235
           3450     -1.2223797     0.41181449
           3500     -1.2237971        0.41569
           3550     -1.2252451     0.41905775
           3600     -1.2268778     0.42274722
           3650     -1.2270082     0.42405068
           3700     -1.2263108     0.42439595
           3750     -1.2269573     0.42675467
           3800     -1.2281158     0.42852632
           3850     -1.2291896     0.43053117
           3900     -1.2281103     0.42783077
           3950     -1.2281823     0.42851392
           4000     -1.2305225       0.432675
           4050     -1.2315852     0.43462346
           4100     -1.2335317     0.43834146
           4150     -1.2343566      0.4403241
           4200      -1.234731     0.44183571
           4250     -1.2331365     0.43923882
           4300     -1.2342419     0.44163953
           4350     -1.2349655     0.44294368
           4400     -1.2348568     0.44222386
           4450     -1.2332809     0.43810674
           4500     -1.2327089     0.43441667
           4550     -1.2315341     0.43281758
           4600     -1.2312609     0.43190109
           4650     -1.2304452     0.43056022
           4700     -1.2293532     0.42678723
           4750     -1.2291979     0.42570421
           4800     -1.2305021     0.42845312
           4850     -1.2298206     0.42790825
           4900        -1.2284     0.42589082
           4950     -1.2282525     0.42717273
           5000      -1.227704       0.427636
           5050     -1.2277069     0.42809208
           5100     -1.2279059     0.42926078
           5150      -1.227965     0.42974951
           5200     -1.2283538     0.43106442
           5250     -1.2305581      0.4342619
           5300     -1.2300811     0.43416981
           5350     -1.2290449     0.43135234
           5400     -1.2277185        0.42845
           5450     -1.2276477     0.42878257
           5500     -1.2268364        0.42679
           5550     -1.2260613     0.42547207
           5600     -1.2252214     0.42295357
           5650     -1.2247345     0.42144159
           5700     -1.2246719     0.42191404
           5750      -1.225233     0.42347565
           5800       -1.22495     0.42338966
           5850      -1.224547         0.4219
           5900     -1.2247864     0.42303898
           5950     -1.2259042     0.42553277
           6000      -1.226295     0.42730833
           6050     -1.2272248     0.42950992
           6100      -1.228782      0.4321123
           6150     -1.2294179     0.43290244
           6200     -1.2288339     0.43251129
           6250     -1.2284032      0.4320656
           6300     -1.2290111     0.43276667
           6350     -1.2287339     0.43206299
           6400     -1.2280781     0.43061563
           6450     -1.2275504     0.42988527
           6500     -1.2268508     0.42795769
           6550     -1.2264595         0.4278
           6600     -1.2266167     0.42799545
           6650     -1.2272316     0.42975113
           6700     -1.2267776     0.42846567
           6750     -1.2264089        0.42774
           6800     -1.2256529      0.4258875
           6850     -1.2249635     0.42507007
           6900      -1.224987     0.42541304
           6950     -1.2252058     0.42534532
           7000     -1.2243414     0.42288357
