          86000      2.2000000     -1.5461435      23913.896      8.2975151      1.7143626     0.78330679      6149.3895     0.78330679      13.694150      6.2246139
          86000      2.2150000     -1.5250519      23266.145      8.3118746      1.6941487     0.76514561      5866.3111     0.76514561      11.832964      5.3421960
          86000      2.2300000     -1.5004490      22522.609      9.1370811      1.8373748     0.73639706      5443.5768     0.73639706      20.770509      9.3141297
          86000      2.2450000     -1.4724365      21691.359      10.665933      2.1162461     0.69316677      4851.5826     0.69316677      46.780799      20.837772
          86000      2.2600000     -1.4485911      20994.797      10.636648      2.0825139     0.66425271      4459.0272     0.66425271      46.710478      20.668353
          86000      2.2750000     -1.3965343      19517.393      14.311484      2.7651702     0.35455394      2475.8908     0.46135095      1218.8058      152.72256
          86000      2.2900000     -1.3636697      18608.196      12.245698      2.3351382     0.24282907      1556.8850     0.34923617      967.22547      147.26028
          86000      2.3050000     -1.3370242      17887.485      11.149173      2.0984604   -0.098216756      1085.6306     0.27585647      989.16526      140.85148
          86000      2.3200000     -1.3100385      17171.615      9.6060019      1.7847061   -0.036293774      742.04802     0.23097232      728.87564      89.899094
          86000      2.3350000     -1.2860523      16548.405      9.0991436      1.6688863   -0.019299816      474.11288     0.17656149      470.38805      69.538885
