          86000      2.2000000     -1.5475319      15334.492      7.4205244      1.5331662     0.78723119      3974.8648     0.78723119      8.5739140      3.8972336
          86000      2.2150000     -1.5236808      14866.242      7.9824680      1.6270081     0.76218753      3732.1205     0.76218753      14.169578      6.3971005
          86000      2.2300000     -1.5007489      14423.183      8.8005176      1.7696953     0.73788193      3504.2659     0.73788193      19.659566      8.8159489
          86000      2.2450000     -1.4725168      13888.166      11.009281      2.1843703     0.68256799      3071.5842     0.68257270      89.830179      39.995144
          86000      2.2600000     -1.4458032      13390.170      11.950407      2.3397303     0.64963711      2784.8354     0.64963711      83.853743      37.103426
          86000      2.2750000     -1.4059152      12662.921      12.697475      2.4533220     0.33101866      2029.7841     0.53823354      1328.5146      77.245685
          86000      2.2900000     -1.3692114      12010.510      12.174248      2.3215133   -0.083758049      1365.0710     0.41643268      1320.1723      111.44429
          86000      2.3050000     -1.3416632      11531.728      11.342768      2.1348983    0.094958685      1061.8825     0.36171821      1004.1728      97.399612
          86000      2.3200000     -1.3092687      10980.335      9.5542153      1.7750846   0.0099626017      564.35503     0.24317903      563.71981      80.122579
          86000      2.3350000     -1.2900173      10659.719      9.1926519      1.6860368   -0.031098917      535.91738     0.23875459      529.72767      73.273380
