          86000      2.2000000     -1.5466565      3834.5446      7.1102572      1.4690614    0.051320218      996.63337     0.78497112      992.41935      4.8845097
          86000      2.2150000     -1.5258453      3732.4754      7.3492079      1.4979354 -0.00020143895      954.55278     0.76807656      954.55272      4.8064237
          86000      2.2300000     -1.4985083      3601.6819      8.8387504      1.7773835    -0.22269807      872.20528     0.72758743      792.85420      11.296745
          86000      2.2450000     -1.4771765      3500.0878      8.8069218      1.7473964    0.082527267      836.94922     0.71384186      826.05202      9.6378151
          86000      2.2600000     -1.4487936      3367.9031      9.4984846      1.8596767    -0.28661406      751.94492     0.66975199      620.50873      15.148917
          86000      2.2750000     -1.4199950      3236.2738      10.056476      1.9430457    -0.22208071      667.43282     0.62119467      588.52107      21.986953
          86000      2.2900000     -1.3957922      3127.4056      10.228179      1.9504165    0.076453910      615.80116     0.59289658      606.44884      23.300868
          86000      2.3050000     -1.3537701      2943.1455      10.836117      2.0395382    -0.18873711      464.51795     0.49704385      407.52324      30.036358
          86000      2.3200000     -1.3254422      2820.9225      10.047182      1.8666732   0.0094394622      388.48753     0.44863362      388.34497      28.643161
          86000      2.3350000     -1.3013356      2719.0019      9.4428706      1.7319297     0.10541695      322.21253     0.39752049      304.43216      29.711548
