          86000      2.2000000     -1.5481110      8634.8324      6.9011280      1.4258529     0.78964298      2252.4905     0.78964298      7.7607948      3.5276340
          86000      2.2150000     -1.5260216      8390.7736      7.3032358      1.4885652     0.76875245      2137.2433     0.76875245      9.7140830      4.3855905
          86000      2.2300000     -1.5006848      8115.7984      8.4012182      1.6894002     0.73941340      1985.2990     0.73941340      17.063137      7.6516310
          86000      2.2450000     -1.4744893      7836.5504      9.7232565      1.9292080     0.30844132      1802.7343     0.69909107      1460.2446      19.292825
          86000      2.2600000     -1.4484465      7562.8597      10.069999      1.9715715   0.0033798514      1626.4942     0.66199861      1626.4530      21.602821
          86000      2.2750000     -1.4108692      7177.8075      11.820697      2.2839168    -0.26051720      1255.1560     0.55689769      1010.8268      60.953761
          86000      2.2900000     -1.3797552      6865.1318      11.724325      2.2357173     0.34821193      1063.8383     0.51017492      627.33274      55.386845
          86000      2.3050000     -1.3437584      6511.8771      11.404824      2.1465783    -0.15167894      721.95449     0.39340913      639.13109      71.487985
          86000      2.3200000     -1.3203141      6286.8609      11.235589      2.0874683    -0.10578595      639.23412     0.36964641      598.94772      63.506732
          86000      2.3350000     -1.2895697      5996.0021      9.2378048      1.6943183   -0.010004096      428.04267     0.29544753      427.68238      48.737214
