             50        0.04905
            100       0.054725
            150         0.0558
            200      0.0633125
            250        0.05527
            300      0.0588333
            350      0.0503714
            400      0.0934312
            450      0.0518611
            500         0.0565
            550      0.0522091
            600         0.0486
            650        0.04945
            700      0.0532179
            750      0.0495733
            800      0.0509094
            850      0.0486147
            900      0.0497306
            950      0.0496211
           1000      0.0508375
           1050      0.0487714
           1100      0.0504886
           1150      0.0489283
           1200      0.0507229
           1250       0.074834
           1300      0.0484019
           1350      0.0484259
           1400      0.0508696
           1450      0.0482345
           1500      0.0491667
           1550      0.0498468
           1600      0.0488328
           1650      0.0485909
           1700      0.0501662
           1750      0.0495229
           1800        0.05135
           1850      0.0925581
           1900       0.050125
           1950      0.0486487
           2000      0.0492025
           2050      0.0504988
           2100      0.0486774
           2150      0.0666581
           2200       0.048533
           2250      0.0489844
           2300      0.0495467
           2350      0.0483202
           2400       0.048674
           2450      0.0509449
           2500       0.048691
           2550      0.0484578
           2600       0.057875
           2650      0.0492745
           2700      0.0483787
           2750      0.0491673
           2800      0.0484616
           2850      0.0621553
           2900       0.048619
           2950      0.0512644
           3000      0.0486417
           3050      0.0484074
           3100      0.0488194
           3150      0.0484119
           3200      0.0485898
           3250        0.04922
           3300      0.0482735
           3350      0.0499119
           3400      0.0494199
           3450      0.0485949
           3500      0.0516186
           3550      0.0485627
           3600      0.0483743
           3650      0.0485226
           3700      0.0488162
           3750       0.049312
           3800      0.0482829
           3850       0.048589
           3900      0.0531135
           3950      0.0498873
           4000      0.0483419
           4050      0.0487907
           4100      0.0491512
           4150      0.0485319
           4200      0.0484143
           4250      0.0484265
           4300      0.0482488
           4350      0.0483805
           4400      0.0482966
           4450      0.0489062
           4500      0.0484683
           4550      0.0487203
           4600      0.0486158
           4650      0.0485586
           4700       0.048875
           4750      0.0483458
           4800      0.0484318
           4850      0.0484943
           4900      0.0486714
           4950      0.0483056
           5000        0.04869
           5050      0.0487342
           5100      0.0482637
           5150      0.0484165
           5200      0.0482663
           5250      0.0485376
           5300       0.048408
           5350      0.0485313
           5400      0.0494898
           5450      0.0482752
           5500      0.0482741
           5550      0.0483554
           5600      0.0482625
           5650      0.0489243
           5700      0.0483833
           5750      0.0489791
           5800      0.0483483
           5850      0.0483709
           5900       0.048242
           5950      0.0485193
           6000      0.0487492
           6050      0.0486971
           6100      0.0485193
           6150      0.0487455
           6200      0.0483242
           6250      0.0482688
           6300      0.0483214
           6350      0.0482941
           6400      0.0482695
           6450      0.0482833
           6500      0.0487469
           6550      0.0483332
           6600      0.0483042
           6650      0.0487105
           6700      0.0483522
           6750      0.0496559
           6800      0.0483945
           6850      0.0483033
           6900      0.0485964
           6950      0.0483939
           7000      0.0483754
