      0.0487014              1
      0.0483179          1.014
      0.0484446          1.028
      0.0485168          1.042
      0.0486575          1.056
      0.0487054           1.07
      0.0488296          1.084
      0.0490204          1.098
      0.0492111          1.112
      0.0493489          1.126
      0.0495454           1.14
      0.0497454          1.154
      0.0499282          1.168
       0.050135          1.182
      0.0503014          1.196
      0.0505571           1.21
      0.0508811          1.224
      0.0512914          1.238
      0.0515054          1.252
      0.0518882          1.266
      0.0521454           1.28
      0.0525071          1.294
      0.0529321          1.308
      0.0531539          1.322
      0.0536882          1.336
      0.0540846           1.35
      0.0548386          1.364
      0.0551986          1.378
      0.0555029          1.392
      0.0564021          1.406
      0.0567993           1.42
      0.0575764          1.434
      0.0579896          1.448
      0.0588546          1.462
      0.0594779          1.476
      0.0601575           1.49
      0.0610918          1.504
      0.0618479          1.518
      0.0626196          1.532
      0.0639179          1.546
      0.0646746           1.56
      0.0656189          1.574
      0.0667489          1.588
      0.0679125          1.602
      0.0688857          1.616
      0.0704118           1.63
      0.0717196          1.644
      0.0725168          1.658
       0.073505          1.672
      0.0757296          1.686
      0.0767157            1.7
        0.07814          1.714
      0.0795643          1.728
      0.0803571          1.742
      0.0831143          1.756
      0.0843789           1.77
      0.0858764          1.784
      0.0887193          1.798
      0.0904854          1.812
       0.092225          1.826
      0.0939268           1.84
      0.0969418          1.854
      0.0990796          1.868
       0.101584          1.882
       0.105257          1.896
       0.106222           1.91
        0.10847          1.924
       0.113104          1.938
       0.114166          1.952
       0.120352          1.966
        0.12286           1.98
       0.124597          1.994
       0.128682          2.008
       0.130051          2.022
       0.137056          2.036
       0.137477           2.05
       0.143377          2.064
       0.146799          2.078
       0.154565          2.092
       0.158228          2.106
       0.161792           2.12
       0.164989          2.134
       0.175089          2.148
       0.180099          2.162
       0.187418          2.176
       0.190793           2.19
       0.199502          2.204
       0.201812          2.218
       0.202631          2.232
       0.229154          2.246
       0.230509           2.26
       0.235138          2.274
       0.245818          2.288
       0.250459          2.302
       0.263187          2.316
       0.278897           2.33
       0.281885          2.344
       0.294074          2.358
       0.295298          2.372
        0.31184          2.386
       0.311523            2.4
