             50         0.1351
            100        0.06055
            150        0.06375
            200      0.0511875
            250        0.04956
            300      0.0520417
            350      0.0568786
            400      0.0488813
            450      0.0494389
            500        0.06638
            550      0.0512364
            600        0.05495
            650      0.0488269
            700      0.0485071
            750        0.05059
            800      0.0493156
            850      0.0505882
            900      0.0498583
            950      0.0485632
           1000       0.048575
           1050      0.0945381
           1100      0.0487614
           1150      0.0485304
           1200      0.0906396
           1250       0.048402
           1300      0.0488788
           1350       0.049787
           1400      0.0493982
           1450      0.0514517
           1500      0.0506867
           1550      0.0485032
           1600         0.0487
           1650      0.0485697
           1700      0.0488809
           1750      0.0487243
           1800      0.0483792
           1850      0.0490811
           1900      0.0500355
           1950      0.0487692
           2000      0.0486075
           2050      0.0500902
           2100      0.0488702
           2150      0.0487035
           2200       0.048442
           2250      0.0488833
           2300      0.0483924
           2350      0.0484447
           2400      0.0496604
           2450       0.048399
           2500        0.08287
           2550      0.0513255
           2600      0.0486231
           2650      0.0483462
           2700      0.0483963
           2750      0.0486191
           2800      0.0486509
           2850      0.0493193
           2900      0.0487784
           2950      0.0490864
           3000      0.0499175
           3050      0.0483607
           3100      0.0482669
           3150      0.0493778
           3200      0.0482836
           3250      0.0485092
           3300      0.0530273
           3350      0.0489552
           3400      0.0491794
           3450        0.04835
           3500        0.04873
           3550      0.0486803
           3600      0.0493507
           3650      0.0486116
           3700      0.0489642
           3750       0.048408
           3800      0.0484816
           3850      0.0486006
           3900      0.0484962
           3950      0.0490646
           4000      0.0484406
           4050      0.0487025
           4100      0.0484665
           4150      0.0483126
           4200      0.0483387
           4250      0.0553771
           4300      0.0485884
           4350      0.0627345
           4400      0.0488955
           4450      0.0483118
           4500      0.0485183
           4550      0.0546335
           4600       0.048619
           4650      0.0596742
           4700      0.0484239
           4750      0.0482558
           4800       0.048251
           4850      0.0483433
           4900      0.0486087
           4950       0.048952
           5000      0.0482445
           5050      0.0484856
           5100      0.0485667
           5150      0.0484602
           5200      0.0488413
           5250       0.048519
           5300      0.0483269
           5350      0.0482425
           5400      0.0482944
           5450       0.048428
           5500        0.04845
           5550      0.0569122
           5600      0.0485973
           5650      0.0482535
           5700      0.0488263
           5750      0.0484217
           5800      0.0519888
           5850      0.0482769
           5900      0.0485631
           5950      0.0482525
           6000      0.0483612
           6050      0.0601215
           6100      0.0483479
           6150       0.050563
           6200      0.0482802
           6250      0.0485116
           6300       0.048302
           6350      0.0485811
           6400      0.0483512
           6450      0.0486225
           6500      0.0483427
           6550      0.0483305
           6600      0.0486587
           6650      0.0485195
           6700      0.0483052
           6750      0.0524626
           6800      0.0482298
           6850      0.0483069
           6900      0.0484909
           6950      0.0482669
           7000      0.0482721
