             50         0.3146
            100       0.317575
            150        0.37075
            200        0.38335
            250        0.36042
            300       0.367008
            350       0.370914
            400       0.419131
            450       0.353517
            500        0.37382
            550       0.373082
            600       0.356737
            650       0.356685
            700       0.344104
            750       0.362943
            800       0.367356
            850       0.383224
            900       0.359089
            950       0.371974
           1000       0.345465
           1050       0.352714
           1100        0.35335
           1150       0.376717
           1200       0.356106
           1250       0.375902
           1300       0.373348
           1350       0.365854
           1400       0.370341
           1450       0.372476
           1500       0.356542
           1550       0.356697
           1600       0.358611
           1650        0.37778
           1700       0.381975
           1750       0.365186
           1800       0.362476
           1850       0.409589
           1900       0.372767
           1950       0.376679
           2000       0.352648
           2050       0.367243
           2100       0.375631
           2150       0.385295
           2200       0.366367
           2250       0.369839
           2300       0.370807
           2350       0.353543
           2400       0.348241
           2450       0.366963
           2500       0.368805
           2550       0.370677
           2600       0.384143
           2650       0.370719
           2700       0.376608
           2750       0.375355
           2800       0.359654
           2850       0.380408
           2900       0.372516
           2950       0.362898
           3000       0.366586
           3050       0.358571
           3100       0.371974
           3150       0.372409
           3200       0.364237
           3250       0.362302
           3300       0.358634
           3350       0.365887
           3400       0.360774
           3450       0.366967
           3500       0.367568
           3550       0.355504
           3600        0.36095
           3650       0.361601
           3700       0.366324
           3750        0.36804
           3800       0.364514
           3850       0.368848
           3900       0.374275
           3950       0.366001
           4000       0.364051
           4050       0.367456
           4100       0.371911
           4150       0.359362
           4200       0.361327
           4250       0.366096
           4300       0.364141
           4350       0.361959
           4400       0.362024
           4450       0.365521
           4500       0.368663
           4550       0.362804
           4600       0.368821
           4650       0.365894
           4700       0.371534
           4750       0.362504
           4800       0.355713
           4850       0.363503
           4900       0.359892
           4950       0.363426
           5000       0.371951
           5050       0.363704
           5100       0.366147
           5150       0.359724
           5200       0.367307
           5250       0.365108
           5300       0.361464
           5350       0.361198
           5400       0.368994
           5450       0.359522
           5500       0.362422
           5550       0.357564
           5600       0.357543
           5650       0.353581
           5700       0.365902
           5750       0.365732
           5800       0.364478
           5850       0.365198
           5900       0.356055
           5950       0.370571
           6000        0.36287
           6050       0.365618
           6100       0.366941
           6150       0.365266
           6200       0.374766
           6250       0.361525
           6300       0.362678
           6350       0.361351
           6400       0.356878
           6450       0.363776
           6500       0.372381
           6550       0.373585
           6600        0.36561
           6650       0.364054
           6700       0.363332
           6750       0.363446
           6800       0.364839
           6850       0.363296
           6900       0.359495
           6950       0.365035
           7000       0.365774
