      0.0482114              1
      0.0483357          1.014
      0.0484075          1.028
       0.048525          1.042
      0.0486286          1.056
      0.0487132           1.07
      0.0488936          1.084
      0.0490393          1.098
      0.0492354          1.112
      0.0493811          1.126
      0.0495411           1.14
      0.0497182          1.154
      0.0499489          1.168
      0.0501689          1.182
      0.0503732          1.196
      0.0506689           1.21
      0.0509082          1.224
      0.0512689          1.238
      0.0516218          1.252
      0.0518275          1.266
      0.0522611           1.28
      0.0526479          1.294
      0.0529464          1.308
      0.0534025          1.322
      0.0536504          1.336
      0.0543071           1.35
      0.0545793          1.364
      0.0552182          1.378
      0.0557239          1.392
      0.0563332          1.406
      0.0570457           1.42
      0.0576818          1.434
      0.0582525          1.448
      0.0589432          1.462
      0.0595929          1.476
      0.0602007           1.49
      0.0611207          1.504
        0.06232          1.518
      0.0628018          1.532
      0.0637029          1.546
      0.0648689           1.56
      0.0657129          1.574
      0.0668079          1.588
      0.0673689          1.602
      0.0689618          1.616
      0.0702743           1.63
      0.0713425          1.644
      0.0728329          1.658
      0.0736061          1.672
      0.0752729          1.686
      0.0763875            1.7
      0.0781275          1.714
      0.0791907          1.728
      0.0809707          1.742
      0.0829668          1.756
      0.0846761           1.77
      0.0864046          1.784
      0.0890179          1.798
      0.0911679          1.812
      0.0919004          1.826
      0.0946343           1.84
      0.0967282          1.854
      0.0996596          1.868
       0.102443          1.882
       0.105195          1.896
       0.106445           1.91
       0.109239          1.924
       0.110872          1.938
       0.116243          1.952
       0.118796          1.966
       0.122355           1.98
       0.125376          1.994
       0.128783          2.008
       0.132756          2.022
       0.136286          2.036
       0.139851           2.05
       0.144336          2.064
       0.147405          2.078
        0.15214          2.092
       0.158553          2.106
        0.16139           2.12
       0.167767          2.134
       0.169338          2.148
       0.181749          2.162
        0.18803          2.176
       0.188004           2.19
       0.198683          2.204
        0.20332          2.218
       0.205251          2.232
       0.210589          2.246
       0.230831           2.26
       0.237632          2.274
       0.254134          2.288
       0.264962          2.302
       0.259675          2.316
        0.26528           2.33
       0.282853          2.344
       0.293178          2.358
       0.304811          2.372
       0.318829          2.386
       0.310711            2.4
