10
0                   0                   
0.47273682          0.090909091         
0.61250643          0.18181818          
0.61812678          0.27272727          
0.56969968          0.36363636          
0.4994974           0.45454545          
0.4205221           0.54545455          
0.33801224          0.63636364          
0.25407833          0.72727273          
0.1695707           0.81818182          
0.084831914         0.90909091          
0                   1                   
100
0                   0                   
0.084296833         0.0099009901        
0.15971479          0.01980198          
0.22709086          0.02970297          
0.28718311          0.03960396          
0.34067817          0.04950495          
0.38819792          0.059405941         
0.43030564          0.069306931         
0.4675115           0.079207921         
0.50027757          0.089108911         
0.52902238          0.099009901         
0.55412501          0.10891089          
0.57592878          0.11881188          
0.59474466          0.12871287          
0.61085431          0.13861386          
0.62451285          0.14851485          
0.63595132          0.15841584          
0.645379            0.16831683          
0.65298545          0.17821782          
0.65894234          0.18811881          
0.66340517          0.1980198           
0.66651478          0.20792079          
0.66839873          0.21782178          
0.66917257          0.22772277          
0.66894094          0.23762376          
0.66779861          0.24752475          
0.66583145          0.25742574          
0.66311719          0.26732673          
0.65972628          0.27722772          
0.65572248          0.28712871          
0.65116359          0.2970297           
0.64610192          0.30693069          
0.64058487          0.31683168          
0.63465537          0.32673267          
0.62835229          0.33663366          
0.62171086          0.34653465          
0.61476296          0.35643564          
0.6075375           0.36633663          
0.60006062          0.37623762          
0.59235604          0.38613861          
0.58444521          0.3960396           
0.57634759          0.40594059          
0.56808077          0.41584158          
0.55966071          0.42574257          
0.55110185          0.43564356          
0.54241728          0.44554455          
0.53361884          0.45544554          
0.52471728          0.46534653          
0.51572231          0.47524752          
0.50664273          0.48514851          
0.49748653          0.4950495           
0.48826093          0.5049505           
0.47897246          0.51485149          
0.46962706          0.52475248          
0.46023008          0.53465347          
0.4507864           0.54455446          
0.44130042          0.55445545          
0.43177612          0.56435644          
0.42221711          0.57425743          
0.41262668          0.58415842          
0.40300777          0.59405941          
0.39336307          0.6039604           
0.38369502          0.61386139          
0.37400582          0.62376238          
0.36429745          0.63366337          
0.35457174          0.64356436          
0.3448303           0.65346535          
0.33507463          0.66336634          
0.32530606          0.67326733          
0.31552582          0.68316832          
0.30573499          0.69306931          
0.29593459          0.7029703           
0.28612551          0.71287129          
0.27630857          0.72277228          
0.26648451          0.73267327          
0.256654            0.74257426          
0.24681766          0.75247525          
0.23697602          0.76237624          
0.2271296           0.77227723          
0.21727883          0.78217822          
0.20742413          0.79207921          
0.19756588          0.8019802           
0.1877044           0.81188119          
0.17784             0.82178218          
0.16797296          0.83168317          
0.15810352          0.84158416          
0.14823191          0.85148515          
0.13835833          0.86138614          
0.12848298          0.87128713          
0.11860601          0.88118812          
0.10872758          0.89108911          
0.098847835         0.9009901           
0.088966888         0.91089109          
0.079084856         0.92079208          
0.069201841         0.93069307          
0.059317936         0.94059406          
0.049433225         0.95049505          
0.039547784         0.96039604          
0.029661681         0.97029703          
0.019774979         0.98019802          
0.0098877354        0.99009901          
0                   1                   
1000
0                   0                   
0.0089412456        0.000999001         
0.017783683         0.001998002         
0.026528294         0.002997003         
0.035176052         0.003996004         
0.043727918         0.004995005         
0.052184847         0.005994006         
0.060547782         0.006993007         
0.068817658         0.007992008         
0.076995398         0.008991009         
0.08508192          0.00999001          
0.09307813          0.010989011         
0.10098493          0.011988012         
0.1088032           0.012987013         
0.11653382          0.013986014         
0.12417767          0.014985015         
0.13173561          0.015984016         
0.13920849          0.016983017         
0.14659716          0.017982018         
0.15390245          0.018981019         
0.1611252           0.01998002          
0.16826622          0.020979021         
0.17532632          0.021978022         
0.18230632          0.022977023         
0.18920701          0.023976024         
0.19602917          0.024975025         
0.20277358          0.025974026         
0.20944103          0.026973027         
0.21603227          0.027972028         
0.22254806          0.028971029         
0.22898915          0.02997003          
0.23535628          0.030969031         
0.2416502           0.031968032         
0.24787162          0.032967033         
0.25402127          0.033966034         
0.26009986          0.034965035         
0.2661081           0.035964036         
0.27204668          0.036963037         
0.27791631          0.037962038         
0.28371766          0.038961039         
0.28945141          0.03996004          
0.29511823          0.040959041         
0.3007188           0.041958042         
0.30625377          0.042957043         
0.31172378          0.043956044         
0.3171295           0.044955045         
0.32247155          0.045954046         
0.32775056          0.046953047         
0.33296718          0.047952048         
0.33812201          0.048951049         
0.34321567          0.04995005          
0.34824876          0.050949051         
0.3532219           0.051948052         
0.35813567          0.052947053         
0.36299067          0.053946054         
0.36778748          0.054945055         
0.37252667          0.055944056         
0.37720883          0.056943057         
0.38183452          0.057942058         
0.3864043           0.058941059         
0.39091872          0.05994006          
0.39537833          0.060939061         
0.39978369          0.061938062         
0.40413533          0.062937063         
0.40843378          0.063936064         
0.41267957          0.064935065         
0.41687323          0.065934066         
0.42101528          0.066933067         
0.42510622          0.067932068         
0.42914656          0.068931069         
0.43313681          0.06993007          
0.43707747          0.070929071         
0.44096903          0.071928072         
0.44481198          0.072927073         
0.44860679          0.073926074         
0.45235396          0.074925075         
0.45605394          0.075924076         
0.45970722          0.076923077         
0.46331426          0.077922078         
0.46687551          0.078921079         
0.47039142          0.07992008          
0.47386246          0.080919081         
0.47728907          0.081918082         
0.48067169          0.082917083         
0.48401075          0.083916084         
0.48730669          0.084915085         
0.49055994          0.085914086         
0.49377092          0.086913087         
0.49694005          0.087912088         
0.50006776          0.088911089         
0.50315444          0.08991009          
0.5062005           0.090909091         
0.50920637          0.091908092         
0.51217242          0.092907093         
0.51509905          0.093906094         
0.51798667          0.094905095         
0.52083565          0.095904096         
0.52364639          0.096903097         
0.52641925          0.097902098         
0.52915462          0.098901099         
0.53185288          0.0999001           
0.53451438          0.1008991           
0.53713949          0.1018981           
0.53972858          0.1028971           
0.542282            0.1038961           
0.54480012          0.1048951           
0.54728327          0.10589411          
0.54973181          0.10689311          
0.55214608          0.10789211          
0.55452642          0.10889111          
0.55687317          0.10989011          
0.55918666          0.11088911          
0.56146723          0.11188811          
0.5637152           0.11288711          
0.56593089          0.11388611          
0.56811463          0.11488511          
0.57026673          0.11588412          
0.57238751          0.11688312          
0.57447728          0.11788212          
0.57653634          0.11888112          
0.57856501          0.11988012          
0.58056358          0.12087912          
0.58253236          0.12187812          
0.58447164          0.12287712          
0.58638171          0.12387612          
0.58826286          0.12487512          
0.59011538          0.12587413          
0.59193956          0.12687313          
0.59373568          0.12787213          
0.59550401          0.12887113          
0.59724484          0.12987013          
0.59895843          0.13086913          
0.60064506          0.13186813          
0.60230499          0.13286713          
0.60393849          0.13386613          
0.60554583          0.13486513          
0.60712726          0.13586414          
0.60868304          0.13686314          
0.61021342          0.13786214          
0.61171866          0.13886114          
0.61319901          0.13986014          
0.61465472          0.14085914          
0.61608602          0.14185814          
0.61749317          0.14285714          
0.6188764           0.14385614          
0.62023595          0.14485514          
0.62157206          0.14585415          
0.62288495          0.14685315          
0.62417487          0.14785215          
0.62544203          0.14885115          
0.62668667          0.14985015          
0.62790901          0.15084915          
0.62910926          0.15184815          
0.63028766          0.15284715          
0.63144441          0.15384615          
0.63257973          0.15484515          
0.63369384          0.15584416          
0.63478694          0.15684316          
0.63585925          0.15784216          
0.63691097          0.15884116          
0.6379423           0.15984016          
0.63895346          0.16083916          
0.63994463          0.16183816          
0.64091602          0.16283716          
0.64186782          0.16383616          
0.64280024          0.16483516          
0.64371345          0.16583417          
0.64460766          0.16683317          
0.64548305          0.16783217          
0.64633981          0.16883117          
0.64717812          0.16983017          
0.64799817          0.17082917          
0.64880013          0.17182817          
0.6495842           0.17282717          
0.65035054          0.17382617          
0.65109934          0.17482517          
0.65183076          0.17582418          
0.65254498          0.17682318          
0.65324217          0.17782218          
0.6539225           0.17882118          
0.65458614          0.17982018          
0.65523326          0.18081918          
0.65586401          0.18181818          
0.65647856          0.18281718          
0.65707707          0.18381618          
0.6576597           0.18481518          
0.65822661          0.18581419          
0.65877796          0.18681319          
0.6593139           0.18781219          
0.65983458          0.18881119          
0.66034015          0.18981019          
0.66083077          0.19080919          
0.66130658          0.19180819          
0.66176773          0.19280719          
0.66221437          0.19380619          
0.66264664          0.19480519          
0.66306468          0.1958042           
0.66346864          0.1968032           
0.66385865          0.1978022           
0.66423485          0.1988012           
0.66459739          0.1998002           
0.66494639          0.2007992           
0.665282            0.2017982           
0.66560433          0.2027972           
0.66591354          0.2037962           
0.66620974          0.2047952           
0.66649306          0.20579421          
0.66676364          0.20679321          
0.6670216           0.20779221          
0.66726707          0.20879121          
0.66750016          0.20979021          
0.66772101          0.21078921          
0.66792974          0.21178821          
0.66812646          0.21278721          
0.66831129          0.21378621          
0.66848436          0.21478521          
0.66864578          0.21578422          
0.66879566          0.21678322          
0.66893412          0.21778222          
0.66906128          0.21878122          
0.66917724          0.21978022          
0.66928212          0.22077922          
0.66937603          0.22177822          
0.66945908          0.22277722          
0.66953137          0.22377622          
0.66959301          0.22477522          
0.66964411          0.22577423          
0.66968477          0.22677323          
0.6697151           0.22777223          
0.66973519          0.22877123          
0.66974516          0.22977023          
0.6697451           0.23076923          
0.6697351           0.23176823          
0.66971528          0.23276723          
0.66968573          0.23376623          
0.66964654          0.23476523          
0.6695978           0.23576424          
0.66953963          0.23676324          
0.6694721           0.23776224          
0.66939531          0.23876124          
0.66930936          0.23976024          
0.66921433          0.24075924          
0.66911032          0.24175824          
0.66899741          0.24275724          
0.66887569          0.24375624          
0.66874525          0.24475524          
0.66860618          0.24575425          
0.66845856          0.24675325          
0.66830248          0.24775225          
0.66813802          0.24875125          
0.66796527          0.24975025          
0.66778431          0.25074925          
0.66759521          0.25174825          
0.66739806          0.25274725          
0.66719294          0.25374625          
0.66697993          0.25474525          
0.66675911          0.25574426          
0.66653056          0.25674326          
0.66629434          0.25774226          
0.66605055          0.25874126          
0.66579925          0.25974026          
0.66554051          0.26073926          
0.66527442          0.26173826          
0.66500105          0.26273726          
0.66472046          0.26373626          
0.66443273          0.26473526          
0.66413793          0.26573427          
0.66383613          0.26673327          
0.6635274           0.26773227          
0.66321181          0.26873127          
0.66288943          0.26973027          
0.66256032          0.27072927          
0.66222456          0.27172827          
0.6618822           0.27272727          
0.66153332          0.27372627          
0.66117797          0.27472527          
0.66081623          0.27572428          
0.66044815          0.27672328          
0.6600738           0.27772228          
0.65969324          0.27872128          
0.65930654          0.27972028          
0.65891375          0.28071928          
0.65851493          0.28171828          
0.65811015          0.28271728          
0.65769946          0.28371628          
0.65728293          0.28471528          
0.6568606           0.28571429          
0.65643255          0.28671329          
0.65599882          0.28771229          
0.65555947          0.28871129          
0.65511456          0.28971029          
0.65466414          0.29070929          
0.65420826          0.29170829          
0.653747            0.29270729          
0.65328038          0.29370629          
0.65280847          0.29470529          
0.65233133          0.2957043           
0.651849            0.2967033           
0.65136153          0.2977023           
0.65086898          0.2987013           
0.65037139          0.2997003           
0.64986882          0.3006993           
0.64936132          0.3016983           
0.64884893          0.3026973           
0.64833171          0.3036963           
0.6478097           0.3046953           
0.64728294          0.30569431          
0.64675149          0.30669331          
0.6462154           0.30769231          
0.6456747           0.30869131          
0.64512945          0.30969031          
0.64457969          0.31068931          
0.64402547          0.31168831          
0.64346682          0.31268731          
0.6429038           0.31368631          
0.64233644          0.31468531          
0.64176479          0.31568432          
0.6411889           0.31668332          
0.6406088           0.31768232          
0.64002454          0.31868132          
0.63943615          0.31968032          
0.63884369          0.32067932          
0.63824718          0.32167832          
0.63764668          0.32267732          
0.63704221          0.32367632          
0.63643382          0.32467532          
0.63582155          0.32567433          
0.63520543          0.32667333          
0.63458551          0.32767233          
0.63396183          0.32867133          
0.63333441          0.32967033          
0.6327033           0.33066933          
0.63206853          0.33166833          
0.63143014          0.33266733          
0.63078817          0.33366633          
0.63014265          0.33466533          
0.62949362          0.33566434          
0.62884111          0.33666334          
0.62818515          0.33766234          
0.62752579          0.33866134          
0.62686305          0.33966034          
0.62619697          0.34065934          
0.62552758          0.34165834          
0.62485491          0.34265734          
0.624179            0.34365634          
0.62349988          0.34465534          
0.62281758          0.34565435          
0.62213213          0.34665335          
0.62144357          0.34765235          
0.62075192          0.34865135          
0.62005721          0.34965035          
0.61935949          0.35064935          
0.61865876          0.35164835          
0.61795508          0.35264735          
0.61724846          0.35364635          
0.61653893          0.35464535          
0.61582652          0.35564436          
0.61511127          0.35664336          
0.6143932           0.35764236          
0.61367233          0.35864136          
0.6129487           0.35964036          
0.61222234          0.36063936          
0.61149326          0.36163836          
0.6107615           0.36263736          
0.61002709          0.36363636          
0.60929005          0.36463536          
0.6085504           0.36563437          
0.60780818          0.36663337          
0.6070634           0.36763237          
0.6063161           0.36863137          
0.60556629          0.36963037          
0.60481401          0.37062937          
0.60405928          0.37162837          
0.60330212          0.37262737          
0.60254256          0.37362637          
0.60178061          0.37462537          
0.60101631          0.37562438          
0.60024968          0.37662338          
0.59948074          0.37762238          
0.59870952          0.37862138          
0.59793602          0.37962038          
0.59716029          0.38061938          
0.59638234          0.38161838          
0.5956022           0.38261738          
0.59481987          0.38361638          
0.5940354           0.38461538          
0.59324879          0.38561439          
0.59246007          0.38661339          
0.59166926          0.38761239          
0.59087639          0.38861139          
0.59008146          0.38961039          
0.58928451          0.39060939          
0.58848555          0.39160839          
0.5876846           0.39260739          
0.58688168          0.39360639          
0.58607681          0.39460539          
0.58527002          0.3956044           
0.58446131          0.3966034           
0.58365072          0.3976024           
0.58283825          0.3986014           
0.58202393          0.3996004           
0.58120777          0.4005994           
0.5803898           0.4015984           
0.57957002          0.4025974           
0.57874847          0.4035964           
0.57792515          0.4045954           
0.57710009          0.40559441          
0.57627329          0.40659341          
0.57544479          0.40759241          
0.57461459          0.40859141          
0.57378272          0.40959041          
0.57294918          0.41058941          
0.572114            0.41158841          
0.5712772           0.41258741          
0.57043878          0.41358641          
0.56959876          0.41458541          
0.56875717          0.41558442          
0.56791401          0.41658342          
0.5670693           0.41758242          
0.56622306          0.41858142          
0.5653753           0.41958042          
0.56452604          0.42057942          
0.56367529          0.42157842          
0.56282307          0.42257742          
0.56196938          0.42357642          
0.56111426          0.42457542          
0.5602577           0.42557443          
0.55939973          0.42657343          
0.55854036          0.42757243          
0.5576796           0.42857143          
0.55681747          0.42957043          
0.55595398          0.43056943          
0.55508914          0.43156843          
0.55422297          0.43256743          
0.55335548          0.43356643          
0.55248668          0.43456543          
0.55161658          0.43556444          
0.55074521          0.43656344          
0.54987257          0.43756244          
0.54899867          0.43856144          
0.54812353          0.43956044          
0.54724716          0.44055944          
0.54636957          0.44155844          
0.54549078          0.44255744          
0.54461079          0.44355644          
0.54372962          0.44455544          
0.54284727          0.44555445          
0.54196377          0.44655345          
0.54107912          0.44755245          
0.54019334          0.44855145          
0.53930643          0.44955045          
0.5384184           0.45054945          
0.53752927          0.45154845          
0.53663906          0.45254745          
0.53574776          0.45354645          
0.53485539          0.45454545          
0.53396196          0.45554446          
0.53306748          0.45654346          
0.53217196          0.45754246          
0.53127542          0.45854146          
0.53037786          0.45954046          
0.52947929          0.46053946          
0.52857972          0.46153846          
0.52767917          0.46253746          
0.52677763          0.46353646          
0.52587513          0.46453546          
0.52497167          0.46553447          
0.52406726          0.46653347          
0.52316191          0.46753247          
0.52225563          0.46853147          
0.52134843          0.46953047          
0.52044032          0.47052947          
0.5195313           0.47152847          
0.51862139          0.47252747          
0.51771059          0.47352647          
0.51679892          0.47452547          
0.51588638          0.47552448          
0.51497299          0.47652348          
0.51405874          0.47752248          
0.51314365          0.47852148          
0.51222773          0.47952048          
0.51131098          0.48051948          
0.51039341          0.48151848          
0.50947504          0.48251748          
0.50855586          0.48351648          
0.50763589          0.48451548          
0.50671514          0.48551449          
0.50579361          0.48651349          
0.50487131          0.48751249          
0.50394824          0.48851149          
0.50302443          0.48951049          
0.50209986          0.49050949          
0.50117456          0.49150849          
0.50024852          0.49250749          
0.49932176          0.49350649          
0.49839429          0.49450549          
0.4974661           0.4955045           
0.49653721          0.4965035           
0.49560762          0.4975025           
0.49467734          0.4985015           
0.49374638          0.4995005           
0.49281475          0.5004995           
0.49188244          0.5014985           
0.49094948          0.5024975           
0.49001585          0.5034965           
0.48908158          0.5044955           
0.48814667          0.50549451          
0.48721112          0.50649351          
0.48627493          0.50749251          
0.48533813          0.50849151          
0.4844007           0.50949051          
0.48346267          0.51048951          
0.48252403          0.51148851          
0.48158479          0.51248751          
0.48064496          0.51348651          
0.47970453          0.51448551          
0.47876353          0.51548452          
0.47782195          0.51648352          
0.4768798           0.51748252          
0.47593709          0.51848152          
0.47499382          0.51948052          
0.47404999          0.52047952          
0.47310562          0.52147852          
0.4721607           0.52247752          
0.47121525          0.52347652          
0.47026926          0.52447552          
0.46932275          0.52547453          
0.46837572          0.52647353          
0.46742817          0.52747253          
0.46648011          0.52847153          
0.46553154          0.52947053          
0.46458248          0.53046953          
0.46363291          0.53146853          
0.46268286          0.53246753          
0.46173232          0.53346653          
0.4607813           0.53446553          
0.45982981          0.53546454          
0.45887784          0.53646354          
0.4579254           0.53746254          
0.4569725           0.53846154          
0.45601915          0.53946054          
0.45506534          0.54045954          
0.45411108          0.54145854          
0.45315638          0.54245754          
0.45220124          0.54345654          
0.45124566          0.54445554          
0.45028965          0.54545455          
0.44933322          0.54645355          
0.44837636          0.54745255          
0.44741908          0.54845155          
0.44646139          0.54945055          
0.44550329          0.55044955          
0.44454479          0.55144855          
0.44358588          0.55244755          
0.44262657          0.55344655          
0.44166687          0.55444555          
0.44070678          0.55544456          
0.43974631          0.55644356          
0.43878545          0.55744256          
0.43782421          0.55844156          
0.4368626           0.55944056          
0.43590061          0.56043956          
0.43493826          0.56143856          
0.43397555          0.56243756          
0.43301247          0.56343656          
0.43204904          0.56443556          
0.43108526          0.56543457          
0.43012112          0.56643357          
0.42915664          0.56743257          
0.42819182          0.56843157          
0.42722666          0.56943057          
0.42626116          0.57042957          
0.42529533          0.57142857          
0.42432917          0.57242757          
0.42336268          0.57342657          
0.42239588          0.57442557          
0.42142875          0.57542458          
0.4204613           0.57642358          
0.41949355          0.57742258          
0.41852548          0.57842158          
0.41755711          0.57942058          
0.41658843          0.58041958          
0.41561945          0.58141858          
0.41465017          0.58241758          
0.4136806           0.58341658          
0.41271074          0.58441558          
0.41174058          0.58541459          
0.41077014          0.58641359          
0.40979942          0.58741259          
0.40882842          0.58841159          
0.40785714          0.58941059          
0.40688558          0.59040959          
0.40591375          0.59140859          
0.40494166          0.59240759          
0.40396929          0.59340659          
0.40299666          0.59440559          
0.40202377          0.5954046           
0.40105062          0.5964036           
0.40007722          0.5974026           
0.39910356          0.5984016           
0.39812965          0.5994006           
0.39715549          0.6003996           
0.39618108          0.6013986           
0.39520643          0.6023976           
0.39423154          0.6033966           
0.39325641          0.6043956           
0.39228104          0.60539461          
0.39130544          0.60639361          
0.3903296           0.60739261          
0.38935354          0.60839161          
0.38837725          0.60939061          
0.38740073          0.61038961          
0.38642399          0.61138861          
0.38544703          0.61238761          
0.38446985          0.61338661          
0.38349246          0.61438561          
0.38251485          0.61538462          
0.38153703          0.61638362          
0.380559            0.61738262          
0.37958076          0.61838162          
0.37860231          0.61938062          
0.37762366          0.62037962          
0.37664481          0.62137862          
0.37566576          0.62237762          
0.37468651          0.62337662          
0.37370707          0.62437562          
0.37272743          0.62537463          
0.3717476           0.62637363          
0.37076758          0.62737263          
0.36978737          0.62837163          
0.36880698          0.62937063          
0.3678264           0.63036963          
0.36684564          0.63136863          
0.3658647           0.63236763          
0.36488357          0.63336663          
0.36390228          0.63436563          
0.3629208           0.63536464          
0.36193915          0.63636364          
0.36095734          0.63736264          
0.35997535          0.63836164          
0.35899319          0.63936064          
0.35801086          0.64035964          
0.35702837          0.64135864          
0.35604572          0.64235764          
0.3550629           0.64335664          
0.35407993          0.64435564          
0.35309679          0.64535465          
0.3521135           0.64635365          
0.35113005          0.64735265          
0.35014645          0.64835165          
0.34916269          0.64935065          
0.34817879          0.65034965          
0.34719473          0.65134865          
0.34621053          0.65234765          
0.34522618          0.65334665          
0.34424169          0.65434565          
0.34325705          0.65534466          
0.34227227          0.65634366          
0.34128735          0.65734266          
0.34030228          0.65834166          
0.33931709          0.65934066          
0.33833175          0.66033966          
0.33734628          0.66133866          
0.33636067          0.66233766          
0.33537494          0.66333666          
0.33438907          0.66433566          
0.33340307          0.66533467          
0.33241694          0.66633367          
0.33143069          0.66733267          
0.33044431          0.66833167          
0.3294578           0.66933067          
0.32847117          0.67032967          
0.32748442          0.67132867          
0.32649754          0.67232767          
0.32551055          0.67332667          
0.32452344          0.67432567          
0.32353621          0.67532468          
0.32254886          0.67632368          
0.3215614           0.67732268          
0.32057383          0.67832168          
0.31958614          0.67932068          
0.31859834          0.68031968          
0.31761042          0.68131868          
0.3166224           0.68231768          
0.31563427          0.68331668          
0.31464604          0.68431568          
0.31365769          0.68531469          
0.31266924          0.68631369          
0.31168069          0.68731269          
0.31069203          0.68831169          
0.30970327          0.68931069          
0.30871441          0.69030969          
0.30772545          0.69130869          
0.30673639          0.69230769          
0.30574723          0.69330669          
0.30475798          0.69430569          
0.30376863          0.6953047           
0.30277918          0.6963037           
0.30178964          0.6973027           
0.3008              0.6983017           
0.29981027          0.6993007           
0.29882045          0.7002997           
0.29783054          0.7012987           
0.29684054          0.7022977           
0.29585046          0.7032967           
0.29486028          0.7042957           
0.29387001          0.70529471          
0.29287966          0.70629371          
0.29188923          0.70729271          
0.29089871          0.70829171          
0.2899081           0.70929071          
0.28891742          0.71028971          
0.28792665          0.71128871          
0.2869358           0.71228771          
0.28594486          0.71328671          
0.28495385          0.71428571          
0.28396276          0.71528472          
0.2829716           0.71628372          
0.28198035          0.71728272          
0.28098903          0.71828172          
0.27999763          0.71928072          
0.27900616          0.72027972          
0.27801461          0.72127872          
0.27702299          0.72227772          
0.2760313           0.72327672          
0.27503953          0.72427572          
0.2740477           0.72527473          
0.27305579          0.72627373          
0.27206381          0.72727273          
0.27107177          0.72827173          
0.27007965          0.72927073          
0.26908747          0.73026973          
0.26809522          0.73126873          
0.2671029           0.73226773          
0.26611052          0.73326673          
0.26511807          0.73426573          
0.26412556          0.73526474          
0.26313298          0.73626374          
0.26214034          0.73726274          
0.26114764          0.73826174          
0.26015487          0.73926074          
0.25916204          0.74025974          
0.25816916          0.74125874          
0.25717621          0.74225774          
0.2561832           0.74325674          
0.25519014          0.74425574          
0.25419701          0.74525475          
0.25320383          0.74625375          
0.25221059          0.74725275          
0.25121729          0.74825175          
0.25022394          0.74925075          
0.24923053          0.75024975          
0.24823707          0.75124875          
0.24724355          0.75224775          
0.24624998          0.75324675          
0.24525636          0.75424575          
0.24426268          0.75524476          
0.24326895          0.75624376          
0.24227516          0.75724276          
0.24128133          0.75824176          
0.24028745          0.75924076          
0.23929351          0.76023976          
0.23829953          0.76123876          
0.23730549          0.76223776          
0.23631141          0.76323676          
0.23531728          0.76423576          
0.2343231           0.76523477          
0.23332887          0.76623377          
0.2323346           0.76723277          
0.23134028          0.76823177          
0.23034591          0.76923077          
0.2293515           0.77022977          
0.22835705          0.77122877          
0.22736255          0.77222777          
0.226368            0.77322677          
0.22537341          0.77422577          
0.22437878          0.77522478          
0.2233841           0.77622378          
0.22238939          0.77722278          
0.22139463          0.77822178          
0.22039982          0.77922078          
0.21940498          0.78021978          
0.2184101           0.78121878          
0.21741517          0.78221778          
0.21642021          0.78321678          
0.21542521          0.78421578          
0.21443016          0.78521479          
0.21343508          0.78621379          
0.21243996          0.78721279          
0.21144481          0.78821179          
0.21044961          0.78921079          
0.20945438          0.79020979          
0.20845911          0.79120879          
0.2074638           0.79220779          
0.20646846          0.79320679          
0.20547308          0.79420579          
0.20447767          0.7952048           
0.20348222          0.7962038           
0.20248673          0.7972028           
0.20149121          0.7982018           
0.20049566          0.7992008           
0.19950008          0.8001998           
0.19850446          0.8011988           
0.1975088           0.8021978           
0.19651312          0.8031968           
0.1955174           0.8041958           
0.19452165          0.80519481          
0.19352587          0.80619381          
0.19253006          0.80719281          
0.19153421          0.80819181          
0.19053834          0.80919081          
0.18954243          0.81018981          
0.1885465           0.81118881          
0.18755053          0.81218781          
0.18655454          0.81318681          
0.18555851          0.81418581          
0.18456246          0.81518482          
0.18356637          0.81618382          
0.18257026          0.81718282          
0.18157412          0.81818182          
0.18057796          0.81918082          
0.17958176          0.82017982          
0.17858554          0.82117882          
0.17758929          0.82217782          
0.17659301          0.82317682          
0.17559671          0.82417582          
0.17460038          0.82517483          
0.17360403          0.82617383          
0.17260765          0.82717283          
0.17161124          0.82817183          
0.17061481          0.82917083          
0.16961835          0.83016983          
0.16862187          0.83116883          
0.16762537          0.83216783          
0.16662884          0.83316683          
0.16563228          0.83416583          
0.1646357           0.83516484          
0.1636391           0.83616384          
0.16264248          0.83716284          
0.16164583          0.83816184          
0.16064916          0.83916084          
0.15965247          0.84015984          
0.15865575          0.84115884          
0.15765901          0.84215784          
0.15666225          0.84315684          
0.15566547          0.84415584          
0.15466867          0.84515485          
0.15367184          0.84615385          
0.152675            0.84715285          
0.15167813          0.84815185          
0.15068125          0.84915085          
0.14968434          0.85014985          
0.14868741          0.85114885          
0.14769046          0.85214785          
0.14669349          0.85314685          
0.14569651          0.85414585          
0.1446995           0.85514486          
0.14370247          0.85614386          
0.14270543          0.85714286          
0.14170836          0.85814186          
0.14071128          0.85914086          
0.13971418          0.86013986          
0.13871706          0.86113886          
0.13771992          0.86213786          
0.13672277          0.86313686          
0.13572559          0.86413586          
0.1347284           0.86513487          
0.13373119          0.86613387          
0.13273397          0.86713287          
0.13173672          0.86813187          
0.13073946          0.86913087          
0.12974219          0.87012987          
0.12874489          0.87112887          
0.12774758          0.87212787          
0.12675026          0.87312687          
0.12575291          0.87412587          
0.12475555          0.87512488          
0.12375818          0.87612388          
0.12276079          0.87712288          
0.12176339          0.87812188          
0.12076596          0.87912088          
0.11976853          0.88011988          
0.11877108          0.88111888          
0.11777361          0.88211788          
0.11677613          0.88311688          
0.11577864          0.88411588          
0.11478113          0.88511489          
0.1137836           0.88611389          
0.11278607          0.88711289          
0.11178851          0.88811189          
0.11079095          0.88911089          
0.10979337          0.89010989          
0.10879578          0.89110889          
0.10779817          0.89210789          
0.10680055          0.89310689          
0.10580292          0.89410589          
0.10480527          0.8951049           
0.10380761          0.8961039           
0.10280994          0.8971029           
0.10181225          0.8981019           
0.10081456          0.8991009           
0.099816848         0.9000999           
0.098819126         0.9010989           
0.097821392         0.9020979           
0.096823646         0.9030969           
0.095825888         0.9040959           
0.094828118         0.90509491          
0.093830336         0.90609391          
0.092832543         0.90709291          
0.091834739         0.90809191          
0.090836923         0.90909091          
0.089839095         0.91008991          
0.088841257         0.91108891          
0.087843408         0.91208791          
0.086845547         0.91308691          
0.085847676         0.91408591          
0.084849794         0.91508492          
0.083851902         0.91608392          
0.082853999         0.91708292          
0.081856086         0.91808192          
0.080858162         0.91908092          
0.079860229         0.92007992          
0.078862285         0.92107892          
0.077864331         0.92207792          
0.076866367         0.92307692          
0.075868394         0.92407592          
0.074870411         0.92507493          
0.073872418         0.92607393          
0.072874416         0.92707293          
0.071876404         0.92807193          
0.070878384         0.92907093          
0.069880354         0.93006993          
0.068882314         0.93106893          
0.067884266         0.93206793          
0.066886209         0.93306693          
0.065888143         0.93406593          
0.064890068         0.93506494          
0.063891985         0.93606394          
0.062893893         0.93706294          
0.061895792         0.93806194          
0.060897683         0.93906094          
0.059899566         0.94005994          
0.05890144          0.94105894          
0.057903307         0.94205794          
0.056905165         0.94305694          
0.055907015         0.94405594          
0.054908857         0.94505495          
0.053910692         0.94605395          
0.052912518         0.94705295          
0.051914337         0.94805195          
0.050916149         0.94905095          
0.049917953         0.95004995          
0.048919749         0.95104895          
0.047921538         0.95204795          
0.046923319         0.95304695          
0.045925094         0.95404595          
0.044926861         0.95504496          
0.043928621         0.95604396          
0.042930374         0.95704296          
0.04193212          0.95804196          
0.04093386          0.95904096          
0.039935592         0.96003996          
0.038937318         0.96103896          
0.037939036         0.96203796          
0.036940749         0.96303696          
0.035942455         0.96403596          
0.034944154         0.96503497          
0.033945847         0.96603397          
0.032947533         0.96703297          
0.031949213         0.96803197          
0.030950887         0.96903097          
0.029952555         0.97002997          
0.028954217         0.97102897          
0.027955872         0.97202797          
0.026957522         0.97302697          
0.025959166         0.97402597          
0.024960803         0.97502498          
0.023962435         0.97602398          
0.022964062         0.97702298          
0.021965682         0.97802198          
0.020967297         0.97902098          
0.019968906         0.98001998          
0.01897051          0.98101898          
0.017972108         0.98201798          
0.016973701         0.98301698          
0.015975289         0.98401598          
0.014976871         0.98501499          
0.013978448         0.98601399          
0.012980019         0.98701299          
0.011981586         0.98801199          
0.010983147         0.98901099          
0.0099847037        0.99000999          
0.008986255         0.99100899          
0.0079878014        0.99200799          
0.0069893429        0.99300699          
0.0059908796        0.99400599          
0.0049924114        0.995005            
0.0039939384        0.996004            
0.0029954608        0.997003            
0.0019969785        0.998002            
0.00099849152       0.999001            
0                   1                   
