            100        -1.3814         0.6813
            200        -1.2753       0.432275
            300     -1.3001333     0.50958333
            400      -1.313125       0.547475
            500       -1.32832        0.58265
            600     -1.3024833     0.54181667
            700     -1.2822286     0.50772143
            800        -1.2725     0.50445625
            900     -1.2621222     0.47777222
           1000        -1.2488       0.463355
           1100     -1.2527727     0.47036818
           1200      -1.244525        0.45665
           1300        -1.2509     0.47248462
           1400     -1.2517786     0.47553214
           1500       -1.25286     0.47796333
           1600     -1.2604312      0.4922625
           1700     -1.2652353     0.50283824
           1800     -1.2679167     0.51171389
           1900     -1.2650263     0.50445789
           2000      -1.262845      0.5010625
           2100     -1.2665952     0.50922619
           2200     -1.2682909     0.51340455
           2300     -1.2686609     0.51524565
           2400     -1.2673833     0.51209167
           2500      -1.262232       0.500558
           2600     -1.2584692     0.48956538
           2700        -1.2604     0.49482407
           2800     -1.2609714     0.49727321
           2900      -1.260969     0.49735345
           3000       -1.25865     0.49176667
           3100     -1.2594065        0.49595
           3200     -1.2617969     0.50169375
           3300     -1.2641333      0.5058197
           3400     -1.2628618     0.50586912
           3500     -1.2626486     0.50713571
           3600     -1.2627139     0.50962083
           3700     -1.2663784     0.51617027
           3800     -1.2682316     0.52002895
           3900     -1.2697385     0.52292179
           4000       -1.26916     0.52215625
           4100     -1.2683317      0.5226439
           4200     -1.2714548     0.52710833
           4300     -1.2680558     0.52012093
           4400     -1.2663614      0.5167625
           4500     -1.2653511     0.51638333
           4600     -1.2625761     0.50902391
           4700     -1.2609702     0.50450638
           4800     -1.2588792     0.50081042
           4900     -1.2601653     0.50361429
           5000       -1.25754       0.498446
           5100     -1.2586078     0.50135196
           5200     -1.2577385     0.50042212
           5300     -1.2545698     0.49493019
           5400     -1.2522833     0.49101667
           5500     -1.2516927     0.49060636
           5600     -1.2510679     0.48861071
           5700     -1.2499175     0.48790965
           5800     -1.2477052     0.48229828
           5900     -1.2458051         0.4782
           6000     -1.2451417      0.4771175
           6100     -1.2440016     0.47354262
           6200     -1.2439887     0.47344677
           6300     -1.2429286     0.47202381
           6400     -1.2424469     0.47038828
           6500     -1.2415785        0.46844
           6600       -1.24075     0.46658106
           6700     -1.2408478     0.46659925
           6800     -1.2411941     0.46752868
           6900     -1.2412087     0.46424855
           7000     -1.2395757     0.46219714
           7100     -1.2391986     0.46179085
           7200     -1.2381542      0.4590375
           7300     -1.2380014     0.45918493
           7400     -1.2364243     0.45759932
           7500     -1.2361173       0.457236
           7600     -1.2348158     0.45356579
           7700     -1.2355805     0.45523701
           7800     -1.2357064     0.45596859
           7900     -1.2344899     0.45290823
           8000     -1.2334938     0.45045062
           8100     -1.2319716     0.44809198
           8200     -1.2319659     0.44881585
           8300      -1.231759     0.44833253
           8400     -1.2325976     0.45025298
           8500     -1.2322271     0.44839176
           8600     -1.2318465     0.44483023
           8700      -1.232069     0.44552471
           8800     -1.2334307     0.44817386
           8900     -1.2328056     0.44593876
           9000     -1.2324489     0.44454278
           9100     -1.2337495     0.44702308
           9200     -1.2345076     0.44871739
           9300     -1.2345742     0.44908548
           9400     -1.2336404     0.44705851
           9500     -1.2344116        0.44854
           9600     -1.2350323        0.44995
           9700     -1.2343485     0.44898351
           9800     -1.2338173      0.4478949
           9900     -1.2329434     0.44473838
          10000      -1.231983      0.4426385
          10100     -1.2327465     0.44344901
          10200     -1.2317735     0.44154755
          10300     -1.2313039     0.43935485
          10400     -1.2323654      0.4412726
          10500     -1.2328352        0.44233
          10600     -1.2320368     0.43994717
          10700     -1.2321533     0.44052196
          10800     -1.2324065      0.4415787
          10900     -1.2336321     0.44379128
          11000     -1.2331718     0.44325727
          11100     -1.2331423     0.44262162
          11200     -1.2322527     0.44049554
          11300     -1.2316035      0.4387469
          11400     -1.2313149      0.4377864
          11500     -1.2311365     0.43610652
          11600     -1.2311664     0.43585517
          11700     -1.2321923     0.43762564
          11800     -1.2334754     0.43987331
          11900     -1.2326395     0.43778782
          12000     -1.2315175     0.43669458
          12100     -1.2313397     0.43711116
          12200      -1.230841     0.43625574
          12300     -1.2318683     0.43819187
          12400     -1.2320903     0.43911734
          12500      -1.232412      0.4400116
          12600     -1.2327373     0.44048532
          12700     -1.2337354     0.44246614
          12800     -1.2352547     0.44495703
          12900     -1.2361287     0.44640155
          13000     -1.2359292     0.44626462
          13100     -1.2368336     0.44807366
          13200     -1.2366636     0.44785985
          13300     -1.2360985     0.44591654
          13400      -1.235191     0.44369291
          13500      -1.234543     0.44322926
          13600     -1.2340882     0.44253015
          13700     -1.2341657     0.44241058
          13800     -1.2348761     0.44376739
          13900     -1.2342173     0.44221475
          14000     -1.2334271     0.44029393
          14100     -1.2329546     0.43992589
          14200     -1.2326944     0.43986444
          14300     -1.2331301     0.44104406
          14400     -1.2331646     0.44178993
          14500     -1.2335834     0.44269759
          14600     -1.2338192     0.44377568
          14700     -1.2333381     0.44241361
          14800     -1.2324385     0.44012027
          14900     -1.2316852     0.43882685
          15000       -1.23137     0.43754467
          15100     -1.2307947     0.43597947
          15200     -1.2305454     0.43540395
          15300     -1.2309131     0.43570686
          15400     -1.2307695     0.43568864
          15500     -1.2308265     0.43647065
          15600     -1.2303981     0.43663718
          15700      -1.230265     0.43634459
          15800     -1.2302032     0.43688987
          15900     -1.2299522     0.43654308
          16000     -1.2308637     0.43826094
          16100     -1.2313882     0.43916739
          16200     -1.2321037     0.44050494
          16300     -1.2319558     0.44038405
          16400     -1.2316073     0.43935122
          16500     -1.2319255     0.44045091
          16600     -1.2329801     0.44228373
          16700     -1.2330796     0.44258144
          16800     -1.2327089     0.44121369
          16900     -1.2334515     0.44248491
          17000     -1.2334424     0.44297941
          17100     -1.2332211     0.44343333
          17200     -1.2323285     0.44177238
          17300     -1.2329023     0.44311965
          17400     -1.2326052     0.44208908
          17500     -1.2318217     0.44020857
          17600     -1.2316398     0.43947585
          17700     -1.2315531     0.43896695
          17800     -1.2317961     0.43990983
          17900     -1.2324911     0.44143575
          18000     -1.2331767     0.44274861
          18100     -1.2326061     0.44171878
          18200     -1.2322868     0.44122857
          18300     -1.2313842     0.43986667
          18400     -1.2308701        0.43915
          18500     -1.2313016     0.43999838
          18600     -1.2311097     0.43895242
          18700     -1.2307909     0.43813396
          18800     -1.2317314     0.43971755
          18900     -1.2322767     0.44099974
          19000     -1.2322305     0.44106763
          19100     -1.2319178     0.44054188
          19200     -1.2316594     0.44026328
          19300     -1.2322109     0.44160648
          19400     -1.2321268     0.44162526
          19500     -1.2318333     0.44160128
          19600      -1.231651     0.44092168
          19700     -1.2315797     0.44095406
          19800      -1.231201     0.44020707
          19900     -1.2312724     0.44016281
          20000      -1.231468     0.44089775
          20100     -1.2317015     0.44170846
          20200     -1.2321485     0.44262129
          20300     -1.2325581     0.44359507
          20400     -1.2331779     0.44461667
          20500     -1.2336332     0.44529073
          20600     -1.2341209     0.44615752
          20700     -1.2339594     0.44542585
          20800     -1.2337462     0.44547837
          20900       -1.23379     0.44571531
          21000       -1.23341     0.44423333
          21100     -1.2330152     0.44332654
          21200     -1.2336538     0.44446085
          21300     -1.2335085     0.44457465
          21400     -1.2334636     0.44463668
          21500     -1.2331437     0.44402721
          21600     -1.2327731     0.44261181
          21700     -1.2322203     0.44128502
          21800     -1.2318202     0.43997959
          21900     -1.2315352      0.4392726
          22000     -1.2311814     0.43835523
          22100     -1.2312434     0.43853371
          22200     -1.2306505     0.43764842
          22300       -1.23057     0.43750157
          22400     -1.2301982     0.43711406
          22500     -1.2305604     0.43742178
          22600     -1.2309425     0.43761615
          22700      -1.230652     0.43731542
          22800      -1.230707      0.4376739
          22900     -1.2312271      0.4388179
          23000     -1.2310452     0.43867109
          23100      -1.230929     0.43867641
          23200      -1.231247      0.4393944
          23300     -1.2310773     0.43881373
          23400      -1.230841     0.43854359
          23500      -1.231117     0.43922298
          23600      -1.231439     0.44014703
          23700     -1.2314207     0.44009852
          23800      -1.230829      0.4392021
          23900     -1.2304318     0.43814979
          24000     -1.2303071     0.43757563
          24100     -1.2307257     0.43840602
          24200     -1.2307091     0.43844401
          24300     -1.2308465     0.43897366
          24400     -1.2308496     0.43876803
          24500     -1.2312571     0.43963082
          24600     -1.2318041     0.44048028
          24700      -1.232068     0.44120789
          24800     -1.2321625     0.44139274
          24900     -1.2320092      0.4405996
          25000     -1.2318628      0.4401686
          25100     -1.2320506     0.44074582
          25200     -1.2324198      0.4415623
          25300     -1.2324949     0.44194802
          25400     -1.2326358     0.44255098
          25500     -1.2326525      0.4422202
          25600     -1.2327285     0.44244688
          25700     -1.2325012     0.44170564
          25800     -1.2320194     0.44071647
          25900     -1.2318884     0.44037722
          26000     -1.2322562     0.44122442
          26100     -1.2327015     0.44213659
          26200     -1.2322893     0.44135248
          26300     -1.2326422     0.44205418
          26400     -1.2322784     0.44117254
          26500     -1.2318747     0.44027509
          26600     -1.2316421     0.43953609
          26700     -1.2313599     0.43855206
          26800        -1.2312     0.43811474
          26900     -1.2312268     0.43800929
          27000     -1.2312448     0.43837722
          27100     -1.2310797     0.43823598
          27200     -1.2306346     0.43731489
          27300     -1.2305597     0.43714212
          27400     -1.2303828     0.43675109
          27500     -1.2302662     0.43684236
          27600     -1.2303156     0.43727391
          27700     -1.2304238     0.43778285
          27800     -1.2305029     0.43821799
          27900     -1.2304477     0.43834265
          28000     -1.2301168     0.43785964
          28100     -1.2300769     0.43755071
          28200     -1.2304504     0.43824663
          28300     -1.2302014         0.4378
          28400     -1.2297989     0.43674842
          28500       -1.22978        0.43659
          28600     -1.2295101     0.43629003
          28700     -1.2294826     0.43644634
          28800     -1.2293545     0.43664184
          28900     -1.2290076     0.43584602
          29000     -1.2286897     0.43517879
          29100     -1.2285498      0.4351134
          29200     -1.2285401     0.43509298
          29300     -1.2284891     0.43511485
          29400     -1.2289075     0.43589983
          29500     -1.2287949     0.43605322
          29600     -1.2283791     0.43540929
          29700     -1.2282212     0.43516768
          29800     -1.2280815     0.43506728
          29900       -1.22769     0.43393194
          30000      -1.227438     0.43339567
          30100     -1.2273372     0.43355316
          30200     -1.2274099     0.43370844
          30300     -1.2275201     0.43404703
          30400     -1.2279852     0.43494178
          30500     -1.2279964     0.43537066
          30600     -1.2280402     0.43584788
          30700     -1.2279642     0.43577736
          30800     -1.2277484     0.43547792
          30900      -1.227832     0.43596861
          31000     -1.2281829     0.43663468
          31100     -1.2280219     0.43640852
          31200     -1.2278769     0.43580401
          31300     -1.2278182     0.43591438
          31400     -1.2278615     0.43624411
          31500     -1.2279254     0.43649079
          31600     -1.2280041     0.43684193
          31700      -1.228005      0.4367011
          31800     -1.2277167      0.4361728
          31900     -1.2274304     0.43553025
          32000     -1.2277306     0.43619406
          32100     -1.2278106     0.43637321
          32200     -1.2277432     0.43593742
          32300     -1.2274864      0.4352692
          32400     -1.2271769     0.43446975
          32500      -1.226868     0.43372108
          32600     -1.2270227     0.43396242
          32700     -1.2270269     0.43404067
          32800     -1.2269052     0.43404223
          32900     -1.2266888     0.43347508
          33000     -1.2266964     0.43340152
          33100     -1.2264894     0.43303353
          33200     -1.2263479     0.43274895
          33300     -1.2260511      0.4326015
          33400     -1.2262578     0.43321302
          33500     -1.2263275     0.43345821
          33600     -1.2262301     0.43343765
          33700     -1.2265976     0.43417834
          33800     -1.2267808     0.43475873
          33900     -1.2271428     0.43549823
          34000     -1.2276732     0.43634279
          34100     -1.2279657     0.43699912
          34200     -1.2282535     0.43760482
          34300     -1.2285618     0.43830598
          34400     -1.2285267      0.4384516
          34500     -1.2284281     0.43816275
          34600     -1.2283728      0.4376396
          34700     -1.2281055     0.43709294
          34800     -1.2281201     0.43678376
          34900     -1.2283742     0.43719871
          35000     -1.2283366     0.43729514
          35100     -1.2283242     0.43724288
          35200     -1.2286756     0.43790881
          35300     -1.2286564     0.43821289
          35400     -1.2284223     0.43764929
          35500       -1.22808     0.43693648
          35600     -1.2277222     0.43654213
          35700     -1.2278882     0.43700392
          35800     -1.2281279     0.43760866
          35900     -1.2278847     0.43714568
          36000       -1.22823     0.43774847
          36100     -1.2279623     0.43750693
          36200     -1.2278729     0.43754309
          36300     -1.2281259     0.43809022
          36400     -1.2283945     0.43874959
          36500     -1.2281493     0.43792562
          36600     -1.2281213       0.437675
          36700      -1.227954      0.4369391
          36800     -1.2277209     0.43643451
          36900     -1.2276645     0.43614309
          37000     -1.2274749     0.43587932
          37100     -1.2271825     0.43533059
          37200     -1.2271188     0.43533495
          37300     -1.2273646     0.43565268
          37400     -1.2271358     0.43502594
          37500     -1.2269235     0.43466947
          37600     -1.2272098     0.43535612
          37700     -1.2274902     0.43593528
          37800     -1.2274746     0.43596032
          37900     -1.2274573     0.43594578
          38000     -1.2273474     0.43525487
          38100      -1.227422     0.43527205
          38200     -1.2272903     0.43488168
          38300     -1.2273893     0.43510561
          38400     -1.2273128     0.43496992
          38500     -1.2273299     0.43478065
          38600     -1.2276269     0.43542085
          38700     -1.2276279      0.4355969
          38800     -1.2280892      0.4363893
          38900     -1.2281578     0.43646645
          39000     -1.2279592     0.43587654
          39100     -1.2277936     0.43541317
          39200     -1.2274099     0.43475051
          39300     -1.2272483     0.43408282
          39400     -1.2268815     0.43348718
          39500     -1.2267035     0.43278582
          39600      -1.226846     0.43305581
          39700     -1.2270491     0.43359194
          39800     -1.2273053     0.43413606
          39900     -1.2271752     0.43411053
          40000      -1.227067     0.43377888
          40100     -1.2273948     0.43445012
          40200     -1.2276672     0.43480386
          40300     -1.2275516     0.43443672
          40400     -1.2277002      0.4345745
          40500     -1.2276025     0.43426358
          40600     -1.2273017     0.43364002
          40700     -1.2269327     0.43296155
          40800     -1.2265556     0.43239963
          40900     -1.2266284     0.43258655
          41000     -1.2266376     0.43259768
          41100     -1.2266781     0.43283674
          41200     -1.2266143     0.43296032
          41300     -1.2263649     0.43256671
          41400     -1.2261812     0.43196316
          41500      -1.226113     0.43179711
          41600     -1.2260416     0.43157224
          41700      -1.225906     0.43142254
          41800     -1.2257876     0.43112165
          41900     -1.2259628     0.43137768
          42000      -1.226075     0.43165845
          42100     -1.2259827     0.43172637
          42200     -1.2259633     0.43197358
          42300     -1.2261191     0.43230047
          42400     -1.2263771     0.43282736
          42500     -1.2265322     0.43325576
          42600     -1.2265223     0.43335434
          42700     -1.2264555     0.43290738
          42800     -1.2265215     0.43300012
          42900     -1.2263154     0.43243963
          43000     -1.2263642     0.43250395
          43100     -1.2266647     0.43314582
          43200       -1.22694     0.43367396
          43300     -1.2269591     0.43388637
          43400     -1.2270979     0.43416175
          43500     -1.2273428     0.43458816
          43600     -1.2271422     0.43412362
          43700     -1.2273524      0.4346016
          43800     -1.2276751     0.43525731
          43900     -1.2276688     0.43541982
          44000     -1.2277918     0.43562136
          44100      -1.227717     0.43551587
          44200     -1.2276588     0.43558812
          44300     -1.2275734     0.43552032
          44400     -1.2272926     0.43489797
          44500     -1.2272342     0.43485753
          44600     -1.2273117     0.43508117
          44700     -1.2275275     0.43558546
          44800      -1.227581     0.43584453
          44900     -1.2275993     0.43603808
          45000     -1.2273916     0.43550167
          45100     -1.2273605     0.43531918
          45200     -1.2272071     0.43481217
          45300     -1.2273351     0.43509018
          45400     -1.2275537     0.43546828
          45500     -1.2275387      0.4355611
          45600     -1.2273072     0.43493849
          45700     -1.2273092     0.43486116
          45800     -1.2273566     0.43515852
          45900     -1.2272643      0.4347976
          46000     -1.2269972     0.43440696
          46100     -1.2269106     0.43400911
          46200     -1.2266805     0.43341558
          46300     -1.2265305     0.43277711
          46400     -1.2264649     0.43273728
          46500     -1.2263761     0.43275516
          46600     -1.2263526     0.43266599
          46700     -1.2264636     0.43297409
          46800     -1.2267524       0.433514
          46900     -1.2267959       0.433692
          47000     -1.2267509       0.433515
          47100     -1.2264902     0.43308195
          47200     -1.2264494     0.43287129
          47300     -1.2266693     0.43334915
          47400     -1.2267038     0.43323565
          47500     -1.2267543     0.43329063
          47600     -1.2265752     0.43285021
          47700     -1.2266895      0.4331565
          47800     -1.2265797     0.43292155
          47900     -1.2264647     0.43274593
          48000     -1.2262915     0.43217385
          48100     -1.2261212     0.43175218
          48200     -1.2264568     0.43232106
          48300     -1.2267865     0.43290176
          48400     -1.2270593     0.43345671
          48500     -1.2271971     0.43364938
          48600     -1.2271984     0.43352901
          48700     -1.2272957     0.43374446
          48800     -1.2274842     0.43419365
          48900     -1.2273928     0.43425511
          49000     -1.2274116     0.43411551
          49100     -1.2273308     0.43361864
          49200     -1.2271888     0.43335925
          49300     -1.2272888     0.43356217
          49400     -1.2272358      0.4335664
          49500     -1.2271455     0.43322566
          49600     -1.2274716     0.43380262
          49700      -1.227834     0.43442837
          49800       -1.22785     0.43464458
          49900     -1.2279421     0.43492836
          50000     -1.2281982      0.4354112
          50100     -1.2282856     0.43577146
          50200      -1.228257     0.43592141
          50300     -1.2283581     0.43630875
          50400     -1.2283081     0.43621806
          50500     -1.2282503     0.43609693
          50600     -1.2280907     0.43593874
          50700     -1.2280868      0.4361568
          50800     -1.2283333     0.43660285
          50900     -1.2283778     0.43678762
          51000     -1.2283592     0.43674745
          51100     -1.2284973     0.43718581
          51200     -1.2287197     0.43770098
          51300     -1.2288963     0.43814006
          51400      -1.228835     0.43796654
          51500     -1.2287159     0.43760175
          51600     -1.2288742     0.43789981
          51700     -1.2292714     0.43851499
          51800      -1.229223     0.43862403
          51900     -1.2292173     0.43877197
          52000     -1.2292104      0.4389001
          52100     -1.2291428     0.43901267
          52200     -1.2294015     0.43947538
          52300     -1.2296541     0.43999388
          52400     -1.2297922     0.44033321
          52500     -1.2299983     0.44079333
          52600     -1.2301654     0.44113108
          52700     -1.2299334     0.44054345
          52800      -1.229854     0.44056932
          52900     -1.2299858     0.44094943
          53000     -1.2297458     0.44066462
          53100     -1.2299601     0.44103748
          53200     -1.2296885     0.44047209
          53300     -1.2295756     0.44006248
          53400     -1.2295571      0.4396603
          53500     -1.2295738     0.43977037
          53600     -1.2297151     0.44013414
          53700       -1.22967     0.44008026
          53800     -1.2297184     0.44027612
          53900     -1.2297009     0.43995019
          54000     -1.2295161     0.43971981
          54100     -1.2292941     0.43914732
          54200      -1.229221     0.43869566
          54300     -1.2291324     0.43809401
          54400     -1.2290197     0.43788925
          54500     -1.2289068     0.43744927
          54600     -1.2288234     0.43728242
          54700     -1.2288115     0.43723638
          54800     -1.2286611     0.43693586
          54900      -1.228504     0.43640064
          55000     -1.2283055     0.43593073
          55100     -1.2281675     0.43575653
          55200     -1.2282071     0.43582482
          55300     -1.2280682     0.43555262
          55400     -1.2279108     0.43505704
          55500     -1.2277279     0.43467252
          55600     -1.2276831     0.43453489
          55700     -1.2278363     0.43488043
          55800     -1.2279823     0.43523916
          55900      -1.228241     0.43569258
          56000     -1.2282502     0.43545991
          56100     -1.2281107     0.43493164
          56200     -1.2282132     0.43508746
          56300     -1.2281334     0.43496696
          56400     -1.2280333     0.43490754
          56500     -1.2282915     0.43538416
          56600     -1.2285313     0.43587739
          56700     -1.2286351     0.43612963
          56800     -1.2288942     0.43655343
          56900     -1.2289692     0.43683207
          57000     -1.2288739     0.43667211
          57100     -1.2291553     0.43711497
          57200      -1.229197     0.43719563
          57300     -1.2290361     0.43693464
          57400     -1.2290753     0.43712256
          57500     -1.2289383     0.43683722
          57600     -1.2289017     0.43677083
          57700     -1.2289846     0.43700555
          57800     -1.2292581      0.4374776
          57900     -1.2292931     0.43764819
          58000     -1.2293697     0.43793103
          58100     -1.2295721     0.43834742
          58200      -1.229672     0.43865438
          58300     -1.2294395     0.43807513
          58400     -1.2292384     0.43753211
          58500     -1.2291838     0.43747145
          58600      -1.229159     0.43746613
          58700     -1.2289215     0.43720409
          58800     -1.2292396     0.43770842
          58900     -1.2293114     0.43789576
          59000     -1.2291856     0.43778186
          59100     -1.2290738     0.43769239
          59200     -1.2294054      0.4382266
          59300     -1.2296811     0.43871433
          59400     -1.2296086     0.43856902
          59500     -1.2296494     0.43862143
          59600      -1.229757     0.43875092
          59700     -1.2297568     0.43879598
          59800     -1.2295478     0.43838687
          59900     -1.2295135     0.43840434
          60000     -1.2296178     0.43866183
          60100     -1.2295454     0.43843561
          60200     -1.2296047     0.43860864
          60300     -1.2298547     0.43900307
          60400     -1.2296911     0.43876581
          60500     -1.2298807     0.43916628
          60600     -1.2298693     0.43923102
          60700     -1.2298387     0.43916862
          60800      -1.229687     0.43880156
          60900     -1.2297342     0.43887931
          61000     -1.2298052     0.43907492
          61100     -1.2297133     0.43875074
          61200     -1.2296007      0.4382665
          61300     -1.2296651      0.4384748
          61400     -1.2294922     0.43831971
          61500     -1.2297249     0.43876041
          61600     -1.2297343     0.43878287
          61700     -1.2295507     0.43843736
          61800      -1.229428     0.43811149
          61900     -1.2295262     0.43830961
          62000     -1.2296411     0.43859782
          62100     -1.2297498      0.4387851
          62200     -1.2297976     0.43904116
          62300      -1.229691     0.43875963
          62400     -1.2297559     0.43878013
          62500      -1.229845     0.43910648
          62600     -1.2300152     0.43943035
          62700     -1.2303078     0.43990654
          62800     -1.2302885     0.43983272
          62900     -1.2301048      0.4395275
          63000     -1.2299349      0.4390119
          63100     -1.2297361      0.4387168
          63200     -1.2298028      0.4389447
          63300     -1.2297499     0.43879652
          63400     -1.2296437     0.43836964
          63500     -1.2296803     0.43830457
          63600     -1.2297932     0.43857807
          63700     -1.2296724     0.43828155
          63800     -1.2295411     0.43796755
          63900     -1.2293495     0.43763239
          64000     -1.2295702     0.43798602
          64100     -1.2294468     0.43788846
          64200     -1.2292745     0.43748801
          64300     -1.2292073     0.43731485
          64400     -1.2290848     0.43690334
          64500     -1.2290532     0.43679682
          64600     -1.2293043     0.43725348
          64700     -1.2292563     0.43722968
          64800     -1.2292977     0.43726481
          64900     -1.2292569     0.43711841
          65000     -1.2292062     0.43691277
          65100     -1.2290763     0.43691137
          65200     -1.2289107     0.43671794
          65300     -1.2291806     0.43717129
          65400     -1.2289891     0.43668502
          65500     -1.2287598     0.43619069
          65600     -1.2285537     0.43577264
          65700     -1.2284928     0.43578006
          65800     -1.2283766     0.43548784
          65900     -1.2281988     0.43510038
          66000     -1.2282255     0.43525356
          66100     -1.2282107     0.43534123
          66200     -1.2282591     0.43560431
          66300      -1.228348     0.43570543
          66400     -1.2284717     0.43599706
          66500      -1.228562     0.43616128
          66600     -1.2283781     0.43579084
          66700     -1.2283043      0.4357925
          66800      -1.228472     0.43617665
          66900     -1.2283167     0.43599738
          67000     -1.2283042     0.43617537
          67100     -1.2282598     0.43626632
          67200     -1.2281813     0.43628854
          67300     -1.2281218     0.43626107
          67400     -1.2280234     0.43593361
          67500     -1.2277861     0.43550793
          67600     -1.2276654     0.43518047
          67700      -1.227825      0.4355387
          67800     -1.2278117     0.43563975
          67900     -1.2277487      0.4355687
          68000     -1.2277635     0.43570088
          68100     -1.2277185     0.43546432
          68200     -1.2276434      0.4354143
          68300     -1.2275454     0.43518126
          68400     -1.2275713     0.43530168
          68500     -1.2273467      0.4348073
          68600     -1.2271929     0.43452945
          68700     -1.2271345     0.43439178
          68800     -1.2270772     0.43432471
          68900     -1.2269501     0.43392315
          69000     -1.2269603     0.43392196
          69100     -1.2269673      0.4339102
          69200     -1.2270977     0.43414039
          69300     -1.2271426     0.43437994
          69400     -1.2271535     0.43445115
          69500     -1.2271099     0.43438676
          69600      -1.227082     0.43409828
          69700     -1.2270313     0.43399713
          69800     -1.2269599     0.43383689
          69900      -1.226832     0.43352425
          70000     -1.2269431     0.43370529
          70100     -1.2270315     0.43387047
          70200       -1.22724     0.43425442
          70300     -1.2273341     0.43454844
          70400     -1.2273737     0.43464908
          70500     -1.2274721     0.43488688
          70600     -1.2274305     0.43479157
          70700     -1.2274504     0.43490594
          70800     -1.2277345     0.43534605
          70900     -1.2276474     0.43511361
          71000     -1.2275173     0.43468585
          71100     -1.2273916     0.43421674
          71200     -1.2273017     0.43384796
          71300     -1.2273983     0.43406388
          71400     -1.2273333     0.43407661
          71500     -1.2272554     0.43373706
          71600      -1.227307     0.43398115
          71700     -1.2272093     0.43374191
          71800     -1.2272818     0.43391922
          71900     -1.2275025     0.43431961
          72000     -1.2276863     0.43468854
          72100     -1.2277645     0.43491546
          72200     -1.2277899     0.43502805
          72300      -1.227826      0.4352444
          72400     -1.2277648     0.43510732
          72500     -1.2276349     0.43475972
          72600     -1.2275161     0.43439463
          72700     -1.2276033     0.43460371
          72800     -1.2275941     0.43465405
          72900     -1.2278358     0.43505329
          73000     -1.2279863     0.43536753
          73100     -1.2278332     0.43513632
          73200     -1.2278628     0.43534331
          73300     -1.2280007     0.43563465
          73400     -1.2280744     0.43588726
          73500     -1.2280358     0.43592136
          73600     -1.2279618     0.43587969
          73700     -1.2279305     0.43582259
          73800     -1.2278763     0.43550088
          73900     -1.2277662     0.43532206
          74000     -1.2276361     0.43505122
          74100      -1.227668     0.43519211
          74200     -1.2278274     0.43548558
          74300      -1.228031     0.43585121
          74400     -1.2279832     0.43590336
          74500     -1.2279448     0.43573846
          74600     -1.2278058     0.43553539
          74700     -1.2277426     0.43557791
          74800     -1.2277564     0.43566491
          74900     -1.2276493     0.43529052
          75000     -1.2275728     0.43492187
          75100     -1.2276328     0.43510626
          75200     -1.2277547     0.43536383
          75300     -1.2277133     0.43542337
          75400     -1.2276297     0.43505842
          75500     -1.2276715      0.4351355
          75600     -1.2276196     0.43487626
          75700     -1.2276592       0.434936
          75800     -1.2278091     0.43525204
          75900      -1.227958     0.43552912
          76000     -1.2281232     0.43581243
          76100      -1.228246     0.43612102
          76200     -1.2281984     0.43599062
          76300     -1.2281388     0.43574823
          76400     -1.2279712     0.43540903
          76500     -1.2280258     0.43554732
          76600     -1.2279765     0.43543786
          76700     -1.2278392     0.43522451
          76800     -1.2277957     0.43493704
          76900     -1.2278163     0.43500475
          77000     -1.2278683     0.43522162
          77100     -1.2278594     0.43521226
          77200     -1.2279707     0.43545045
          77300     -1.2280759     0.43565175
          77400     -1.2283248     0.43605019
          77500     -1.2284055      0.4362289
          77600     -1.2283985     0.43629671
          77700     -1.2283891     0.43635502
          77800     -1.2282988     0.43611305
          77900      -1.228222     0.43606669
          78000      -1.228209     0.43600269
          78100     -1.2282734     0.43610915
          78200     -1.2282656     0.43614015
          78300      -1.228169     0.43591507
          78400     -1.2281651     0.43592806
          78500     -1.2280847      0.4357607
          78600     -1.2280534     0.43570146
          78700     -1.2279515     0.43558717
          78800     -1.2278181     0.43538813
          78900     -1.2277248     0.43519075
          79000     -1.2277395     0.43530804
          79100     -1.2277732     0.43542238
          79200     -1.2278893     0.43565833
          79300     -1.2278324     0.43565208
          79400     -1.2277908     0.43560605
          79500     -1.2278205     0.43561245
          79600     -1.2277465     0.43538448
          79700     -1.2277925     0.43554887
          79800     -1.2278189     0.43566184
          79900      -1.227707      0.4355699
          80000     -1.2276923     0.43566569
          80100     -1.2278268     0.43597584
          80200     -1.2279596      0.4362543
          80300     -1.2280352     0.43650498
          80400     -1.2280245     0.43652058
          80500      -1.228067     0.43672776
          80600     -1.2279699     0.43668753
          80700     -1.2280584     0.43692243
          80800     -1.2280964     0.43699913
          80900     -1.2281229     0.43715575
          81000     -1.2281747     0.43728062
          81100     -1.2280625     0.43706406
          81200     -1.2281115     0.43720505
          81300     -1.2283429     0.43757011
          81400     -1.2285762     0.43796407
          81500     -1.2285681     0.43787411
          81600     -1.2285699     0.43793468
          81700     -1.2284858     0.43758537
          81800     -1.2285962     0.43787023
          81900      -1.228617     0.43805037
          82000     -1.2286765     0.43821677
          82100     -1.2286777     0.43834689
          82200     -1.2287715     0.43854921
          82300     -1.2288278      0.4387288
          82400     -1.2290239     0.43906766
          82500     -1.2289046     0.43883364
          82600     -1.2288889     0.43887845
          82700     -1.2290647     0.43921022
          82800     -1.2293134     0.43958213
          82900     -1.2294093      0.4397994
          83000     -1.2295588     0.44008819
          83100     -1.2295858      0.4401281
          83200     -1.2298261     0.44050841
          83300     -1.2298999     0.44063655
          83400      -1.229836     0.44042578
          83500     -1.2299413     0.44060982
          83600     -1.2299865      0.4406637
          83700     -1.2298185     0.44033023
          83800     -1.2298358     0.44027232
          83900     -1.2299919     0.44058415
          84000     -1.2298936     0.44032589
          84100      -1.229888     0.44022414
          84200     -1.2298974     0.44033593
          84300     -1.2300393     0.44062639
          84400      -1.230043     0.44063762
          84500     -1.2299796     0.44064473
          84600     -1.2301176     0.44091992
          84700     -1.2301739      0.4409461
          84800     -1.2302667     0.44118956
          84900     -1.2302313     0.44106696
          85000     -1.2302332     0.44115024
          85100     -1.2303121     0.44132209
          85200     -1.2302919     0.44128474
          85300      -1.230503     0.44162837
          85400     -1.2304899     0.44159251
          85500     -1.2305261     0.44171556
          85600     -1.2306676     0.44193756
          85700     -1.2306681     0.44201978
          85800     -1.2308265     0.44232681
          85900     -1.2308517     0.44242072
          86000     -1.2307399     0.44205703
          86100      -1.230665      0.4416536
          86200     -1.2306964     0.44165702
          86300     -1.2307265     0.44174235
          86400     -1.2308325     0.44200723
          86500     -1.2307998     0.44198925
          86600     -1.2307941     0.44211871
          86700     -1.2308097     0.44222013
          86800     -1.2306372     0.44191342
          86900     -1.2305328     0.44161295
          87000     -1.2306595     0.44185902
          87100     -1.2308836     0.44220149
          87200     -1.2308912     0.44213257
          87300     -1.2308165     0.44198236
          87400     -1.2308763     0.44214783
          87500     -1.2308274     0.44216343
          87600     -1.2309655     0.44243505
          87700     -1.2310733     0.44267811
          87800     -1.2311418     0.44283548
          87900     -1.2312352       0.443026
          88000     -1.2312474     0.44305977
          88100     -1.2311442     0.44279268
          88200     -1.2311939      0.4429157
          88300     -1.2313701     0.44323035
          88400     -1.2315386     0.44351442
          88500     -1.2315511     0.44367492
          88600     -1.2316315     0.44389289
          88700     -1.2317947     0.44415981
          88800     -1.2317755      0.4440295
          88900     -1.2318604     0.44419224
          89000     -1.2317613     0.44398039
          89100      -1.231668     0.44373479
          89200     -1.2316146     0.44351749
          89300     -1.2316026     0.44350924
          89400     -1.2315257     0.44332975
          89500     -1.2315648      0.4434176
          89600     -1.2314718     0.44324799
          89700     -1.2314601     0.44302358
          89800     -1.2315089     0.44315763
          89900     -1.2314435     0.44299271
          90000     -1.2314036       0.442785
          90100     -1.2315242     0.44301754
          90200     -1.2316502     0.44330382
          90300     -1.2318266     0.44361107
          90400     -1.2317899     0.44347954
          90500     -1.2317629     0.44349039
          90600     -1.2318126     0.44363146
          90700     -1.2317836     0.44350441
          90800      -1.231767     0.44353309
          90900     -1.2318221     0.44371436
          91000     -1.2319266     0.44389077
          91100     -1.2319872     0.44404638
          91200     -1.2319848     0.44405417
          91300     -1.2320501     0.44420438
          91400     -1.2319801     0.44417965
          91500     -1.2319742     0.44424962
          91600     -1.2318818      0.4439393
          91700     -1.2320234     0.44415791
          91800     -1.2319156     0.44392478
          91900     -1.2318908     0.44391861
          92000      -1.231898     0.44393348
          92100     -1.2319417     0.44404891
          92200     -1.2319831      0.4442007
          92300     -1.2319543     0.44411268
          92400     -1.2318439      0.4438711
          92500     -1.2317919     0.44376784
          92600     -1.2318185     0.44380929
          92700     -1.2317595     0.44361645
          92800     -1.2317106     0.44351196
          92900     -1.2316779     0.44356039
          93000     -1.2316072     0.44335892
          93100     -1.2315375     0.44314006
          93200     -1.2316504     0.44339984
          93300     -1.2317178     0.44349705
          93400     -1.2317667     0.44354218
          93500     -1.2318396     0.44364075
          93600     -1.2319143     0.44372532
          93700     -1.2319499     0.44384995
          93800     -1.2319979     0.44398854
          93900     -1.2321141     0.44425138
          94000     -1.2320684     0.44425676
          94100     -1.2319847     0.44398247
          94200     -1.2319056     0.44378705
          94300      -1.231815     0.44348701
          94400     -1.2318703     0.44360768
          94500     -1.2320448     0.44391524
          94600     -1.2321447      0.4441194
          94700     -1.2321213     0.44405554
          94800     -1.2323039     0.44433681
          94900     -1.2324664     0.44461412
          95000     -1.2324232     0.44459958
          95100     -1.2323114     0.44428055
          95200     -1.2323371     0.44444464
          95300     -1.2323918     0.44464082
          95400     -1.2324781     0.44484471
          95500     -1.2325548     0.44497147
          95600     -1.2326089     0.44513431
          95700       -1.23248     0.44498548
          95800     -1.2323658       0.444681
          95900     -1.2322987     0.44430323
          96000     -1.2321925     0.44406688
          96100     -1.2321027     0.44377097
          96200     -1.2320269     0.44341918
          96300     -1.2319116     0.44313354
          96400     -1.2317563      0.4428348
          96500       -1.23188     0.44300435
          96600     -1.2319353     0.44317557
          96700      -1.231977     0.44332358
          96800     -1.2318869     0.44310114
          96900     -1.2319098     0.44317719
          97000     -1.2320753     0.44345866
          97100     -1.2321258      0.4436172
          97200     -1.2322603     0.44386332
          97300     -1.2322293     0.44377066
          97400     -1.2323051     0.44395031
          97500     -1.2324144     0.44417118
          97600     -1.2324132      0.4442543
          97700     -1.2323917     0.44432958
          97800      -1.232494     0.44454494
          97900     -1.2325352      0.4445976
          98000     -1.2326202     0.44472214
          98100     -1.2325045     0.44447798
          98200     -1.2324987     0.44444674
          98300     -1.2325954     0.44466022
          98400     -1.2327166     0.44490218
          98500     -1.2328114     0.44510594
          98600     -1.2329027     0.44532906
          98700     -1.2329034     0.44538698
          98800     -1.2328319     0.44511215
          98900     -1.2327249     0.44494115
          99000     -1.2326404     0.44477242
          99100     -1.2327312     0.44492412
          99200     -1.2328039     0.44509758
          99300     -1.2330073     0.44543283
          99400     -1.2331332     0.44558667
          99500     -1.2330729     0.44539769
          99600     -1.2331848      0.4456244
          99700     -1.2332233     0.44577818
          99800     -1.2333918     0.44600436
          99900     -1.2333184     0.44591827
         100000     -1.2333387     0.44598195
