            100        -1.7118        0.19655
            200       -1.73535         0.3032
            300     -1.8184333     0.53183333
            400      -1.863125         0.6487
            500       -1.88974        0.71877
            600     -1.9077667        0.76555
            700     -1.9207714          0.799
            800      -1.930475     0.82406875
            900     -1.9379111     0.84354444
           1000       -1.94386       0.859125
           1100     -1.9487273     0.87187273
           1200     -1.9527167       0.882475
           1300     -1.9560231     0.89142692
           1400     -1.9589571     0.89912857
           1500       -1.96156        0.90582
           1600     -1.9637375        0.91165
           1700     -1.9657176     0.91680588
           1800     -1.9675111         0.9214
           1900     -1.9690579     0.92549474
           2000      -1.970445        0.92918
           2100      -1.971719     0.93251905
           2200     -1.9727409     0.93552045
           2300     -1.9738087     0.93829348
           2400     -1.9748417        0.94085
           2500       -1.97576       0.943194
           2600     -1.9765154     0.94533462
           2700     -1.9772593     0.94732778
           2800     -1.9780143     0.94919464
           2900     -1.9786897     0.95092586
           3000     -1.9793333       0.952545
           3100     -1.9799032     0.95405161
           3200     -1.9804625     0.95547031
           3300     -1.9809697     0.95679848
           3400     -1.9814471     0.95804706
           3500     -1.9819029     0.95922714
           3600     -1.9823139     0.96033611
           3700     -1.9827108     0.96138784
           3800     -1.9831184     0.96239211
           3900        -1.9835     0.96334359
           4000     -1.9838625      0.9642475
           4100     -1.9842195     0.96510976
           4200     -1.9845405     0.96592619
           4300     -1.9848512     0.96670581
           4400      -1.985125     0.96744432
           4500     -1.9853311     0.96813556
           4600     -1.9855978     0.96881522
           4700      -1.985883      0.9694734
           4800     -1.9861479     0.97010208
           4900      -1.986398     0.97070408
           5000      -1.986634       0.971281
           5100     -1.9868647     0.97183627
           5200     -1.9870269     0.97235481
           5300     -1.9872264     0.97286509
           5400      -1.987437     0.97336111
           5500     -1.9876073     0.97383091
           5600     -1.9877518     0.97427857
           5700     -1.9879456     0.97472456
           5800     -1.9880845     0.97514224
           5900     -1.9882492     0.97555424
           6000      -1.988395     0.97594917
           6100     -1.9885295     0.97632951
           6200     -1.9886597     0.97669758
           6300     -1.9887952     0.97705635
           6400     -1.9889156     0.97740078
           6500     -1.9890215     0.97773231
           6600     -1.9891273     0.97805455
           6700     -1.9892537     0.97837239
           6800     -1.9894029     0.97868824
           6900     -1.9894725     0.97897536
           7000     -1.9896057     0.97927143
           7100     -1.9897183     0.97955493
           7200      -1.989825     0.97982986
           7300      -1.989937     0.98009932
           7400     -1.9900189     0.98035473
           7500     -1.9901173       0.980608
           7600     -1.9902092     0.98085329
           7700        -1.9903     0.98109286
           7800     -1.9904013     0.98132949
           7900     -1.9904823      0.9815557
           8000     -1.9905738     0.98177938
           8100      -1.990663     0.98199753
           8200      -1.990722     0.98220305
           8300     -1.9908157     0.98241265
           8400     -1.9909012     0.98261607
           8500     -1.9909776     0.98281294
           8600     -1.9910419     0.98300233
           8700      -1.991108     0.98318851
           8800     -1.9911625     0.98336591
           8900     -1.9912528     0.98355056
           9000     -1.9913167       0.983725
           9100     -1.9913945     0.98389945
           9200     -1.9914304     0.98405924
           9300     -1.9914699      0.9842172
           9400     -1.9915277     0.98437606
           9500     -1.9915874     0.98453316
           9600     -1.9916375     0.98468437
           9700     -1.9916825     0.98483144
           9800     -1.9917449     0.98498061
           9900     -1.9918081     0.98512727
          10000      -1.991874       0.985272
          10100     -1.9919327     0.98541238
          10200     -1.9919853     0.98554853
          10300     -1.9920427      0.9856835
          10400     -1.9920981     0.98581587
          10500     -1.9921486     0.98594476
          10600     -1.9922047     0.98607264
          10700     -1.9922589     0.98619813
          10800     -1.9923102     0.98632083
          10900     -1.9923587     0.98644083
          11000     -1.9924082     0.98655909
          11100     -1.9924477     0.98667297
          11200     -1.9924937     0.98678661
          11300     -1.9925389     0.98689823
          11400     -1.9925763     0.98700614
          11500     -1.9926078     0.98711087
          11600     -1.9926603     0.98721897
          11700     -1.9926897     0.98731923
          11800     -1.9927263     0.98742034
          11900     -1.9927723     0.98752227
          12000     -1.9928075        0.98762
          12100     -1.9928455     0.98771694
          12200     -1.9928893     0.98781393
          12300     -1.9929211      0.9879061
          12400     -1.9929556     0.98799798
          12500     -1.9929928      0.9880892
          12600     -1.9930198     0.98817659
          12700     -1.9930488     0.98826299
          12800     -1.9930859     0.98835039
          12900      -1.993107     0.98843256
          13000     -1.9931292     0.98851385
          13100     -1.9931725     0.98859885
          13200     -1.9932076     0.98868106
          13300     -1.9932406     0.98876165
          13400     -1.9932716     0.98884067
          13500     -1.9932993     0.98891741
          13600     -1.9933456     0.98899816
          13700     -1.9933737     0.98907336
          13800     -1.9934043     0.98914819
          13900     -1.9934302     0.98922086
          14000     -1.9934564      0.9892925
          14100      -1.993483     0.98936348
          14200     -1.9935106      0.9894338
          14300      -1.993542      0.9895042
          14400     -1.9935757     0.98957431
          14500     -1.9936103     0.98964379
          14600     -1.9936377     0.98971062
          14700     -1.9936714     0.98977823
          14800      -1.993702     0.98984426
          14900     -1.9937188     0.98990604
          15000       -1.99373     0.98996533
          15100     -1.9937543     0.99002715
          15200     -1.9937704     0.99008618
          15300     -1.9937876      0.9901451
          15400     -1.9938097     0.99020455
          15500     -1.9938394     0.99026516
          15600     -1.9938647     0.99032372
          15700     -1.9938847     0.99038057
          15800     -1.9939057     0.99043703
          15900     -1.9939239     0.99049214
          16000     -1.9939319     0.99054406
          16100     -1.9939634     0.99060124
          16200      -1.993971     0.99065185
          16300     -1.9939933     0.99070521
          16400     -1.9940189     0.99075915
          16500     -1.9940333     0.99080939
          16600     -1.9940572     0.99086175
          16700      -1.994082     0.99091377
          16800     -1.9941012     0.99096369
          16900     -1.9941231     0.99101391
          17000     -1.9941371     0.99106147
          17100     -1.9941596     0.99111082
          17200     -1.9941843     0.99116017
          17300     -1.9942075     0.99120867
          17400     -1.9942149     0.99125259
          17500     -1.9942309     0.99129829
          17600     -1.9942489     0.99134403
          17700     -1.9942525     0.99138559
          17800     -1.9942725      0.9914309
          17900     -1.9942944     0.99147626
          18000     -1.9943117        0.99152
          18100     -1.9943249     0.99156215
          18200     -1.9943538     0.99160797
          18300     -1.9943721     0.99165055
          18400     -1.9943772      0.9916894
          18500     -1.9943978     0.99173189
          18600     -1.9944043     0.99177043
          18700      -1.994416     0.99180963
          18800      -1.994433        0.99185
          18900     -1.9944333     0.99188545
          19000     -1.9944563     0.99192658
          19100     -1.9944613     0.99196257
          19200     -1.9944776      0.9920013
          19300      -1.994486     0.99203756
          19400      -1.994501     0.99207526
          19500     -1.9945144     0.99211205
          19600     -1.9945291     0.99214872
          19700     -1.9945457     0.99218579
          19800     -1.9945591     0.99222172
          19900     -1.9945744     0.99225779
          20000     -1.9945915       0.992294
          20100     -1.9946015     0.99232811
          20200     -1.9946124     0.99236188
          20300     -1.9946271     0.99239655
          20400     -1.9946417     0.99243088
          20500     -1.9946512     0.99246366
          20600      -1.994667     0.99249757
          20700     -1.9946725     0.99252874
          20800     -1.9946865     0.99256178
          20900     -1.9946976     0.99259378
          21000     -1.9947043     0.99262405
          21100     -1.9947194      0.9926564
          21200     -1.9947245     0.99268608
          21300     -1.9947427     0.99271878
          21400     -1.9947505     0.99274836
          21500     -1.9947572     0.99277721
          21600     -1.9947694     0.99280764
          21700      -1.994788      0.9928394
          21800     -1.9947931     0.99286743
          21900     -1.9947963     0.99289475
          22000     -1.9948036     0.99292295
          22100     -1.9948172     0.99295249
          22200     -1.9948351     0.99298288
          22300     -1.9948493     0.99301211
          22400     -1.9948616     0.99304063
          22500     -1.9948827     0.99307111
          22600     -1.9948965     0.99309956
          22700      -1.994911     0.99312797
          22800     -1.9949219     0.99315526
          22900      -1.994931     0.99318188
          23000     -1.9949478     0.99321022
          23100     -1.9949541      0.9932355
          23200     -1.9949595     0.99326034
          23300     -1.9949734     0.99328734
          23400     -1.9949876      0.9933141
          23500     -1.9949987        0.99334
          23600     -1.9950114      0.9933661
          23700     -1.9950156     0.99338987
          23800     -1.9950261     0.99341492
          23900     -1.9950393     0.99344059
          24000     -1.9950504     0.99346542
          24100     -1.9950635     0.99349066
          24200     -1.9950731     0.99351488
          24300     -1.9950811     0.99353848
          24400      -1.995091      0.9935623
          24500     -1.9951024     0.99358633
          24600     -1.9951106     0.99360935
          24700     -1.9951121     0.99363057
          24800     -1.9951173     0.99365262
          24900     -1.9951305     0.99367651
          25000     -1.9951432         0.9937
          25100     -1.9951442     0.99372032
          25200     -1.9951595     0.99374425
          25300     -1.9951648     0.99376542
          25400     -1.9951709     0.99378642
          25500     -1.9951765     0.99380745
          25600     -1.9951801     0.99382773
          25700     -1.9951848     0.99384825
          25800     -1.9951965     0.99387035
          25900     -1.9952127     0.99389344
          26000     -1.9952212     0.99391442
          26100     -1.9952326     0.99393602
          26200      -1.995245     0.99395763
          26300     -1.9952544     0.99397833
          26400     -1.9952587     0.99399754
          26500     -1.9952611     0.99401623
          26600     -1.9952692     0.99403628
          26700     -1.9952753     0.99405562
          26800     -1.9952884     0.99407668
          26900     -1.9952944     0.99409572
          27000     -1.9953033     0.99411537
          27100     -1.9953207     0.99413708
          27200     -1.9953268     0.99415588
          27300     -1.9953344     0.99417491
          27400     -1.9953398     0.99419325
          27500     -1.9953509     0.99421291
          27600     -1.9953402     0.99422681
          27700     -1.9953473     0.99424513
          27800      -1.995355     0.99426349
          27900      -1.995357     0.99428029
          28000     -1.9953629     0.99429804
          28100     -1.9953601     0.99431317
          28200      -1.995366     0.99433067
          28300      -1.995371     0.99434788
          28400     -1.9953782     0.99436549
          28500     -1.9953804     0.99438158
          28600     -1.9953902     0.99439965
          28700     -1.9953962     0.99441655
          28800     -1.9954052      0.9944342
          28900     -1.9954062     0.99444965
          29000     -1.9954172     0.99446759
          29100     -1.9954275     0.99448522
          29200     -1.9954329     0.99450154
          29300     -1.9954369     0.99451741
          29400     -1.9954374     0.99453231
          29500     -1.9954424     0.99454814
          29600     -1.9954426      0.9945625
          29700     -1.9954465     0.99457795
          29800      -1.995453     0.99459396
          29900     -1.9954595     0.99460987
          30000      -1.995463      0.9946245
          30100     -1.9954708     0.99464053
          30200     -1.9954765     0.99465596
          30300     -1.9954851     0.99467195
          30400     -1.9954941     0.99468799
          30500        -1.9955     0.99470311
          30600     -1.9955042     0.99471765
          30700     -1.9955101     0.99473257
          30800     -1.9955101     0.99474594
          30900     -1.9955175     0.99476117
          31000     -1.9955165     0.99477419
          31100     -1.9955177     0.99478762
          31200     -1.9955288     0.99480353
          31300     -1.9955288     0.99481645
          31400     -1.9955287      0.9948293
          31500     -1.9955362     0.99484397
          31600      -1.995544      0.9948587
          31700     -1.9955555     0.99487429
          31800     -1.9955594     0.99488789
          31900     -1.9955605     0.99490016
          32000     -1.9955634     0.99491328
          32100     -1.9955679     0.99492679
          32200     -1.9955755     0.99494099
          32300     -1.9955771     0.99495356
          32400     -1.9955852     0.99496775
          32500     -1.9955877     0.99498046
          32600     -1.9955957     0.99499448
          32700     -1.9956037     0.99500841
          32800     -1.9956043     0.99502043
          32900     -1.9956097     0.99503359
          33000     -1.9956148     0.99504652
          33100     -1.9956215     0.99505982
          33200     -1.9956286     0.99507319
          33300     -1.9956357     0.99508649
          33400     -1.9956434     0.99509985
          33500     -1.9956522     0.99511343
          33600     -1.9956539     0.99512515
          33700     -1.9956534      0.9951362
          33800      -1.995658     0.99514852
          33900      -1.995664     0.99516106
          34000     -1.9956703     0.99517368
          34100     -1.9956765     0.99518622
          34200     -1.9956769     0.99519693
          34300     -1.9956848     0.99520977
          34400     -1.9956898      0.9952218
          34500     -1.9956913     0.99523275
          34600     -1.9956913     0.99524306
          34700     -1.9956937     0.99525418
          34800     -1.9956957     0.99526523
          34900     -1.9957046     0.99527794
          35000     -1.9957074     0.99528886
          35100     -1.9957128     0.99530057
          35200     -1.9957222     0.99531321
          35300     -1.9957263      0.9953245
          35400     -1.9957311     0.99533588
          35500     -1.9957344     0.99534676
          35600     -1.9957419     0.99535871
          35700     -1.9957434     0.99536905
          35800     -1.9957441     0.99537919
          35900      -1.995744       0.995389
          36000       -1.99575     0.99540028
          36100     -1.9957512     0.99541025
          36200     -1.9957569     0.99542141
          36300     -1.9957579     0.99543127
          36400     -1.9957613     0.99544162
          36500     -1.9957641     0.99545192
          36600     -1.9957686     0.99546257
          36700     -1.9957719     0.99547289
          36800     -1.9957791      0.9954841
          36900     -1.9957805     0.99549377
          37000     -1.9957816     0.99550338
          37100     -1.9957898     0.99551469
          37200     -1.9957925      0.9955246
          37300     -1.9957925     0.99553378
          37400     -1.9957952     0.99554358
          37500     -1.9957976      0.9955532
          37600     -1.9958024     0.99556343
          37700      -1.995804     0.99557281
          37800     -1.9958037     0.99558161
          37900     -1.9958021     0.99558997
          38000     -1.9958034     0.99559895
          38100     -1.9958097     0.99560932
          38200     -1.9958134     0.99561898
          38300     -1.9958157      0.9956282
          38400     -1.9958182      0.9956375
          38500     -1.9958148     0.99564506
          38600     -1.9958225     0.99565557
          38700     -1.9958199     0.99566344
          38800      -1.995824     0.99567294
          38900     -1.9958265     0.99568201
          39000     -1.9958326     0.99569192
          39100     -1.9958325     0.99570026
          39200     -1.9958339     0.99570893
          39300     -1.9958356     0.99571756
          39400     -1.9958406     0.99572665
          39500     -1.9958456     0.99573608
          39600     -1.9958538     0.99574621
          39700     -1.9958572     0.99575516
          39800     -1.9958618     0.99576432
          39900     -1.9958662     0.99577343
          40000     -1.9958695     0.99578212
          40100     -1.9958723     0.99579065
          40200     -1.9958766     0.99579963
          40300     -1.9958824     0.99580893
          40400     -1.9958844      0.9958172
          40500     -1.9958864     0.99582543
          40600     -1.9958941      0.9958351
          40700     -1.9958916     0.99584214
          40800     -1.9958944     0.99585037
          40900     -1.9958985     0.99585905
          41000     -1.9959056     0.99586841
          41100     -1.9959024     0.99587518
          41200     -1.9959075     0.99588398
          41300      -1.995914      0.9958931
          41400     -1.9959167     0.99590109
          41500     -1.9959142     0.99590771
          41600     -1.9959187     0.99591623
          41700     -1.9959223     0.99592422
          41800      -1.995928     0.99593289
          41900     -1.9959313     0.99594093
          42000     -1.9959352     0.99594917
          42100     -1.9959385     0.99595713
          42200     -1.9959363     0.99596374
          42300     -1.9959411      0.9959721
          42400      -1.995941     0.99597913
          42500     -1.9959471     0.99598765
          42600     -1.9959413     0.99599319
          42700     -1.9959459     0.99600129
          42800     -1.9959477     0.99600864
          42900     -1.9959538     0.99601713
          43000     -1.9959572     0.99602488
          43100     -1.9959638     0.99603341
          43200     -1.9959681      0.9960412
          43300     -1.9959681     0.99604804
          43400     -1.9959724     0.99605588
          43500     -1.9959731     0.99606276
          43600     -1.9959764      0.9960703
          43700     -1.9959764       0.996077
          43800     -1.9959792     0.99608436
          43900     -1.9959866     0.99609282
          44000     -1.9959852     0.99609909
          44100     -1.9959875     0.99610612
          44200     -1.9959923     0.99611369
          44300     -1.9959916     0.99611998
          44400     -1.9959908     0.99612579
          44500     -1.9959917     0.99613247
          44600      -1.995987     0.99613756
          44700     -1.9959915     0.99614508
          44800     -1.9959953     0.99615234
          44900     -1.9959967     0.99615902
          45000      -1.995996     0.99616511
          45100      -1.995998     0.99617184
          45200     -1.9959996     0.99617843
          45300      -1.996002     0.99618521
          45400     -1.9960004     0.99619075
          45500     -1.9960007     0.99619692
          45600     -1.9960015     0.99620329
          45700     -1.9960072     0.99621083
          45800     -1.9960074     0.99621692
          45900     -1.9960052       0.996222
          46000       -1.99601     0.99622924
          46100     -1.9960132     0.99623601
          46200     -1.9960139      0.9962421
          46300      -1.996019     0.99624935
          46400     -1.9960155     0.99625431
          46500     -1.9960181     0.99626086
          46600     -1.9960174     0.99626631
          46700     -1.9960188     0.99627248
          46800     -1.9960158     0.99627756
          46900     -1.9960188     0.99628412
          47000      -1.996023     0.99629096
          47100      -1.996028     0.99629798
          47200     -1.9960244     0.99630275
          47300     -1.9960268     0.99630909
          47400     -1.9960327     0.99631624
          47500     -1.9960314     0.99632158
          47600     -1.9960328     0.99632742
          47700     -1.9960369     0.99633407
          47800     -1.9960385     0.99634006
          47900     -1.9960413     0.99634635
          48000     -1.9960446     0.99635271
          48100     -1.9960462     0.99635863
          48200      -1.996051     0.99636535
          48300     -1.9960542     0.99637164
          48400     -1.9960554     0.99637738
          48500     -1.9960571     0.99638309
          48600     -1.9960615     0.99638961
          48700     -1.9960651     0.99639589
          48800      -1.996067     0.99640164
          48900     -1.9960685     0.99640736
          49000      -1.996072     0.99641357
          49100     -1.9960741     0.99641935
          49200     -1.9960705     0.99642368
          49300     -1.9960736     0.99642972
          49400     -1.9960749     0.99643522
          49500     -1.9960715      0.9964396
          49600      -1.996073     0.99644506
          49700     -1.9960797     0.99645191
          49800     -1.9960827     0.99645783
          49900     -1.9960848     0.99646343
          50000     -1.9960882      0.9964693
          50100     -1.9960884     0.99647445
          50200       -1.99609     0.99647988
          50300      -1.996093     0.99648569
          50400     -1.9960917     0.99649038
          50500     -1.9960939     0.99649594
          50600     -1.9960919      0.9965003
          50700     -1.9960949     0.99650602
          50800     -1.9960996     0.99651211
          50900     -1.9961012     0.99651739
          51000     -1.9961057     0.99652343
          51100     -1.9961074     0.99652877
          51200     -1.9961119     0.99653477
          51300     -1.9961109     0.99653938
          51400      -1.996114     0.99654494
          51500     -1.9961165     0.99655029
          51600     -1.9961217      0.9965564
          51700     -1.9961248      0.9965619
          51800     -1.9961253      0.9965668
          51900     -1.9961254     0.99657158
          52000     -1.9961283     0.99657692
          52100     -1.9961349      0.9965833
          52200     -1.9961356     0.99658812
          52300     -1.9961377     0.99659331
          52400     -1.9961389     0.99659819
          52500     -1.9961402     0.99660314
          52600     -1.9961397      0.9966076
          52700     -1.9961421     0.99661281
          52800     -1.9961432     0.99661761
          52900     -1.9961459     0.99662287
          53000     -1.9961494      0.9966283
          53100     -1.9961544     0.99663409
          53200     -1.9961545     0.99663863
          53300     -1.9961537     0.99664287
          53400     -1.9961582      0.9966485
          53500     -1.9961607     0.99665355
          53600     -1.9961653     0.99665914
          53700     -1.9961672     0.99666406
          53800     -1.9961678     0.99666859
          53900     -1.9961657     0.99667236
          54000      -1.996165     0.99667657
          54100     -1.9961654     0.99668105
          54200     -1.9961648     0.99668524
          54300     -1.9961689     0.99669061
          54400     -1.9961678     0.99669467
          54500     -1.9961697     0.99669945
          54600     -1.9961716     0.99670412
          54700     -1.9961737     0.99670887
          54800      -1.996177     0.99671396
          54900     -1.9961792     0.99671876
          55000     -1.9961836     0.99672409
          55100     -1.9961858     0.99672886
          55200     -1.9961844      0.9967327
          55300     -1.9961873     0.99673761
          55400     -1.9961917     0.99674287
          55500     -1.9961924     0.99674721
          55600     -1.9961887     0.99675036
          55700     -1.9961894     0.99675467
          55800     -1.9961901     0.99675878
          55900     -1.9961945     0.99676395
          56000     -1.9961962     0.99676848
          56100     -1.9961963     0.99677255
          56200      -1.996198     0.99677705
          56300     -1.9962016     0.99678197
          56400      -1.996202     0.99678608
          56500     -1.9962065     0.99679124
          56600     -1.9962097     0.99679602
          56700     -1.9962115     0.99680044
          56800     -1.9962121     0.99680458
          56900     -1.9962139     0.99680896
          57000     -1.9962179     0.99681386
          57100     -1.9962217     0.99681874
          57200     -1.9962233     0.99682299
          57300     -1.9962277     0.99682801
          57400     -1.9962293     0.99683223
          57500     -1.9962317      0.9968367
          57600     -1.9962354     0.99684149
          57700     -1.9962373     0.99684575
          57800     -1.9962355     0.99684913
          57900     -1.9962378     0.99685354
          58000     -1.9962348     0.99685647
          58100      -1.996237     0.99686076
          58200     -1.9962411     0.99686555
          58300     -1.9962437     0.99686998
          58400     -1.9962457     0.99687423
          58500     -1.9962487     0.99687872
          58600      -1.996252     0.99688328
          58700     -1.9962535     0.99688731
          58800     -1.9962565     0.99689167
          58900     -1.9962594      0.9968961
          59000     -1.9962578     0.99689932
          59100     -1.9962597     0.99690347
          59200     -1.9962586     0.99690684
          59300     -1.9962595     0.99691062
          59400     -1.9962601     0.99691439
          59500     -1.9962627     0.99691866
          59600     -1.9962638     0.99692248
          59700     -1.9962647      0.9969263
          59800     -1.9962676      0.9969306
          59900     -1.9962694     0.99693464
          60000     -1.9962683     0.99693792
          60100     -1.9962696     0.99694176
          60200     -1.9962731     0.99694618
          60300     -1.9962769     0.99695066
          60400     -1.9962798     0.99695488
          60500     -1.9962833     0.99695926
          60600     -1.9962856     0.99696328
          60700     -1.9962829     0.99696598
          60800      -1.996285     0.99696998
          60900     -1.9962856     0.99697356
          61000     -1.9962887     0.99697779
          61100     -1.9962889     0.99698126
          61200     -1.9962907     0.99698513
          61300     -1.9962945     0.99698948
          61400     -1.9962985     0.99699389
          61500     -1.9963013     0.99699797
          61600     -1.9962997     0.99700089
          61700     -1.9962992     0.99700413
          61800        -1.9963     0.99700769
          61900     -1.9963027     0.99701171
          62000      -1.996304     0.99701532
          62100     -1.9963077     0.99701957
          62200     -1.9963079     0.99702291
          62300       -1.99631     0.99702673
          62400     -1.9963103     0.99703005
          62500     -1.9963128     0.99703392
          62600     -1.9963145     0.99703762
          62700     -1.9963172     0.99704155
          62800     -1.9963196     0.99704538
          62900     -1.9963218     0.99704913
          63000      -1.996321     0.99705206
          63100     -1.9963247     0.99705618
          63200     -1.9963283     0.99706028
          63300       -1.99633      0.9970639
          63400     -1.9963315     0.99706743
          63500     -1.9963309     0.99707039
          63600     -1.9963308     0.99707351
          63700     -1.9963312     0.99707677
          63800     -1.9963317     0.99708002
          63900     -1.9963349     0.99708396
          64000     -1.9963373     0.99708766
          64100     -1.9963379     0.99709087
          64200     -1.9963393     0.99709431
          64300     -1.9963395     0.99709743
          64400     -1.9963415     0.99710101
          64500     -1.9963456     0.99710512
          64600     -1.9963463     0.99710813
          64700     -1.9963467     0.99711113
          64800     -1.9963461     0.99711389
          64900     -1.9963442     0.99711633
          65000     -1.9963457     0.99711969
          65100     -1.9963447     0.99712243
          65200     -1.9963474     0.99712607
          65300     -1.9963501     0.99712971
          65400     -1.9963492     0.99713249
          65500     -1.9963487     0.99713534
          65600     -1.9963508      0.9971388
          65700     -1.9963542     0.99714262
          65800     -1.9963536     0.99714544
          65900     -1.9963539     0.99714841
          66000     -1.9963573      0.9971522
          66100     -1.9963561     0.99715484
          66200     -1.9963589     0.99715846
          66300     -1.9963629     0.99716237
          66400     -1.9963634     0.99716536
          66500     -1.9963639     0.99716835
          66600     -1.9963658      0.9971717
          66700     -1.9963646     0.99717421
          66800     -1.9963666     0.99717754
          66900      -1.996367     0.99718049
          67000      -1.996369     0.99718381
          67100     -1.9963705     0.99718703
          67200     -1.9963735     0.99719062
          67300     -1.9963767     0.99719421
          67400     -1.9963791     0.99719763
          67500     -1.9963796     0.99720052
          67600       -1.99638      0.9972034
          67700     -1.9963827     0.99720687
          67800     -1.9963827     0.99720944
          67900     -1.9963869     0.99721325
          68000     -1.9963907     0.99721699
          68100     -1.9963896     0.99721938
          68200     -1.9963913     0.99722258
          68300     -1.9963914     0.99722533
          68400     -1.9963909     0.99722792
          68500     -1.9963914     0.99723073
          68600     -1.9963934     0.99723397
          68700     -1.9963959     0.99723726
          68800      -1.996393     0.99723917
          68900     -1.9963936     0.99724202
          69000     -1.9963912     0.99724406
          69100     -1.9963904     0.99724653
          69200     -1.9963925     0.99724971
          69300     -1.9963945     0.99725289
          69400     -1.9963971      0.9972562
          69500      -1.996399     0.99725928
          69600     -1.9963984     0.99726171
          69700      -1.996401     0.99726499
          69800     -1.9964033     0.99726819
          69900      -1.996405     0.99727124
          70000     -1.9964064     0.99727414
          70100     -1.9964074     0.99727696
          70200     -1.9964083     0.99727977
          70300     -1.9964092     0.99728257
          70400     -1.9964138     0.99728629
          70500     -1.9964135     0.99728879
          70600     -1.9964166     0.99729214
          70700     -1.9964188     0.99729526
          70800      -1.996413     0.99729633
          70900     -1.9964121     0.99729866
          71000     -1.9964144     0.99730176
          71100     -1.9964142     0.99730422
          71200     -1.9964153     0.99730702
          71300     -1.9964178     0.99731017
          71400     -1.9964169     0.99731246
          71500      -1.996418     0.99731524
          71600     -1.9964194     0.99731809
          71700     -1.9964198     0.99732064
          71800     -1.9964224     0.99732375
          71900     -1.9964246     0.99732677
          72000     -1.9964244     0.99732917
          72100     -1.9964264     0.99733211
          72200     -1.9964273     0.99733476
          72300     -1.9964292     0.99733769
          72400     -1.9964305     0.99734047
          72500     -1.9964313      0.9973431
          72600     -1.9964315     0.99734559
          72700     -1.9964334     0.99734849
          72800     -1.9964339     0.99735096
          72900     -1.9964318     0.99735281
          73000     -1.9964337     0.99735568
          73100     -1.9964352     0.99735841
          73200     -1.9964346     0.99736052
          73300     -1.9964353      0.9973631
          73400     -1.9964365     0.99736574
          73500     -1.9964367     0.99736816
          73600     -1.9964372     0.99737065
          73700     -1.9964399     0.99737368
          73800     -1.9964415     0.99737642
          73900     -1.9964436      0.9973793
          74000     -1.9964446     0.99738189
          74100     -1.9964445     0.99738421
          74200     -1.9964461     0.99738693
          74300     -1.9964432     0.99738849
          74400     -1.9964472      0.9973918
          74500     -1.9964468     0.99739403
          74600     -1.9964497     0.99739705
          74700     -1.9964483       0.997399
          74800     -1.9964509     0.99740194
          74900     -1.9964527     0.99740467
          75000     -1.9964537      0.9974072
          75100     -1.9964545     0.99740965
          75200     -1.9964528     0.99741144
          75300     -1.9964533     0.99741381
          75400     -1.9964548     0.99741645
          75500     -1.9964552     0.99741881
          75600     -1.9964557     0.99742116
          75700     -1.9964543     0.99742305
          75800     -1.9964553     0.99742553
          75900     -1.9964549     0.99742767
          76000     -1.9964555        0.99743
          76100     -1.9964578     0.99743279
          76200     -1.9964593      0.9974353
          76300     -1.9964624      0.9974382
          76400      -1.996462     0.99744031
          76500     -1.9964626     0.99744261
          76600     -1.9964629     0.99744484
          76700     -1.9964654     0.99744765
          76800     -1.9964669      0.9974502
          76900     -1.9964688      0.9974528
          77000     -1.9964716     0.99745565
          77100     -1.9964699     0.99745733
          77200     -1.9964714     0.99745984
          77300     -1.9964746     0.99746281
          77400     -1.9964744     0.99746486
          77500     -1.9964741      0.9974669
          77600      -1.996476     0.99746952
          77700     -1.9964759     0.99747156
          77800     -1.9964766     0.99747384
          77900     -1.9964742     0.99747535
          78000     -1.9964762     0.99747795
          78100     -1.9964749     0.99747971
          78200     -1.9964756     0.99748197
          78300     -1.9964747     0.99748384
          78400     -1.9964756     0.99748616
          78500     -1.9964758     0.99748828
          78600     -1.9964771     0.99749065
          78700     -1.9964752     0.99749225
          78800     -1.9964739     0.99749397
          78900     -1.9964724     0.99749563
          79000     -1.9964748     0.99749829
          79100      -1.996477     0.99750088
          79200     -1.9964782     0.99750322
          79300     -1.9964781     0.99750523
          79400     -1.9964792     0.99750749
          79500     -1.9964791      0.9975095
          79600     -1.9964795     0.99751162
          79700     -1.9964818     0.99751418
          79800      -1.996484     0.99751673
          79900     -1.9964849     0.99751896
          80000     -1.9964863     0.99752131
          80100     -1.9964885     0.99752385
          80200     -1.9964913      0.9975265
          80300      -1.996494     0.99752914
          80400     -1.9964966     0.99753178
          80500     -1.9964976     0.99753398
          80600     -1.9965012     0.99753685
          80700     -1.9965038     0.99753947
          80800     -1.9965057     0.99754189
          80900     -1.9965066     0.99754407
          81000     -1.9965073     0.99754617
          81100     -1.9965057     0.99754766
          81200     -1.9965052     0.99754945
          81300      -1.996506      0.9975516
          81400     -1.9965061     0.99755356
          81500     -1.9965064     0.99755552
          81600      -1.996507      0.9975576
          81700     -1.9965093      0.9975601
          81800     -1.9965128      0.9975629
          81900     -1.9965147     0.99756526
          82000      -1.996517     0.99756774
          82100     -1.9965157     0.99756931
          82200      -1.996519     0.99757202
          82300       -1.99652     0.99757418
          82400     -1.9965194     0.99757591
          82500     -1.9965217      0.9975783
          82600      -1.996523     0.99758051
          82700     -1.9965243     0.99758271
          82800     -1.9965242     0.99758454
          82900     -1.9965269     0.99758709
          83000     -1.9965284     0.99758934
          83100     -1.9965292      0.9975914
          83200     -1.9965299     0.99759339
          83300     -1.9965312     0.99759556
          83400     -1.9965332      0.9975979
          83500     -1.9965352     0.99760024
          83600     -1.9965353     0.99760209
          83700     -1.9965325     0.99760323
          83800      -1.996534     0.99760543
          83900     -1.9965348     0.99760745
          84000     -1.9965383     0.99761012
          84100     -1.9965361     0.99761136
          84200     -1.9965368     0.99761324
          84300     -1.9965394     0.99761566
          84400     -1.9965387     0.99761724
          84500     -1.9965386     0.99761893
          84600     -1.9965371     0.99762027
          84700     -1.9965332     0.99762102
          84800      -1.996534       0.997623
          84900     -1.9965346     0.99762491
          85000     -1.9965356     0.99762694
          85100      -1.996535     0.99762855
          85200     -1.9965339     0.99762999
          85300     -1.9965349       0.997632
          85400     -1.9965364     0.99763413
          85500     -1.9965375     0.99763614
          85600     -1.9965379     0.99763797
          85700     -1.9965403     0.99764032
          85800     -1.9965424      0.9976426
          85900     -1.9965458     0.99764517
          86000     -1.9965451     0.99764674
          86100     -1.9965449     0.99764843
          86200     -1.9965459     0.99765041
          86300     -1.9965465     0.99765226
          86400     -1.9965464     0.99765394
          86500     -1.9965469     0.99765578
          86600     -1.9965486     0.99765791
          86700     -1.9965517     0.99766038
          86800     -1.9965533      0.9976625
          86900     -1.9965527     0.99766404
          87000     -1.9965553     0.99766638
          87100     -1.9965557     0.99766814
          87200     -1.9965571     0.99767018
          87300     -1.9965592     0.99767239
          87400     -1.9965571     0.99767351
          87500      -1.996557     0.99767514
          87600     -1.9965572     0.99767683
          87700     -1.9965555     0.99767799
          87800      -1.996556     0.99767978
          87900     -1.9965572     0.99768174
          88000     -1.9965573     0.99768335
          88100     -1.9965581     0.99768519
          88200     -1.9965599     0.99768724
          88300     -1.9965612     0.99768918
          88400     -1.9965604     0.99769061
          88500      -1.996562     0.99769266
          88600      -1.996563     0.99769453
          88700     -1.9965626     0.99769605
          88800     -1.9965601     0.99769702
          88900     -1.9965597     0.99769854
          89000     -1.9965603     0.99770028
          89100     -1.9965611     0.99770208
          89200     -1.9965596     0.99770331
          89300     -1.9965601     0.99770504
          89400     -1.9965586     0.99770621
          89500     -1.9965598      0.9977081
          89600     -1.9965598     0.99770971
          89700     -1.9965593     0.99771115
          89800     -1.9965618     0.99771336
          89900     -1.9965632     0.99771529
          90000     -1.9965644     0.99771717
          90100     -1.9965638     0.99771859
          90200      -1.996565     0.99772045
          90300     -1.9965663     0.99772237
          90400     -1.9965648     0.99772351
          90500     -1.9965644     0.99772497
          90600     -1.9965617     0.99772577
          90700     -1.9965635     0.99772778
          90800     -1.9965628     0.99772913
          90900     -1.9965626     0.99773064
          91000     -1.9965622     0.99773203
          91100     -1.9965644     0.99773414
          91200     -1.9965664     0.99773618
          91300     -1.9965675     0.99773795
          91400     -1.9965662     0.99773917
          91500     -1.9965651     0.99774044
          91600     -1.9965638     0.99774159
          91700      -1.996564     0.99774318
          91800     -1.9965658     0.99774515
          91900     -1.9965665     0.99774684
          92000     -1.9965672     0.99774853
          92100     -1.9965683     0.99775033
          92200     -1.9965707     0.99775244
          92300     -1.9965705      0.9977539
          92400     -1.9965723     0.99775584
          92500      -1.996573     0.99775751
          92600     -1.9965732     0.99775907
          92700      -1.996573     0.99776052
          92800     -1.9965755     0.99776261
          92900     -1.9965773     0.99776453
          93000      -1.996578     0.99776618
          93100     -1.9965776     0.99776756
          93200     -1.9965795     0.99776953
          93300     -1.9965823      0.9977717
          93400     -1.9965825     0.99777323
          93500     -1.9965824     0.99777465
          93600     -1.9965849     0.99777676
          93700     -1.9965864      0.9977786
          93800      -1.996588     0.99778044
          93900     -1.9965881      0.9977819
          94000     -1.9965861     0.99778277
          94100     -1.9965861     0.99778422
          94200     -1.9965874     0.99778599
          94300     -1.9965878     0.99778754
          94400     -1.9965886     0.99778914
          94500     -1.9965899      0.9977909
          94600     -1.9965927     0.99779302
          94700      -1.996594     0.99779477
          94800     -1.9965911     0.99779546
          94900     -1.9965914     0.99779694
          95000     -1.9965912     0.99779832
          95100     -1.9965927     0.99780011
          95200     -1.9965946       0.997802
          95300     -1.9965959     0.99780373
          95400     -1.9965955     0.99780503
          95500     -1.9965956     0.99780644
          95600     -1.9965967     0.99780811
          95700     -1.9965936     0.99780873
          95800     -1.9965925     0.99780981
          95900     -1.9965929     0.99781131
          96000     -1.9965917      0.9978124
          96100     -1.9965933      0.9978142
          96200     -1.9965938      0.9978157
          96300     -1.9965931     0.99781693
          96400     -1.9965948     0.99781872
          96500     -1.9965971     0.99782067
          96600     -1.9965967     0.99782195
          96700     -1.9965965     0.99782327
          96800     -1.9965966     0.99782464
          96900     -1.9965957     0.99782575
          97000     -1.9965961     0.99782716
          97100     -1.9965961     0.99782853
          97200     -1.9965953     0.99782968
          97300     -1.9965972      0.9978315
          97400     -1.9965991     0.99783332
          97500     -1.9966011     0.99783513
          97600      -1.996603     0.99783694
          97700     -1.9966017     0.99783797
          97800     -1.9966026     0.99783952
          97900     -1.9966044     0.99784132
          98000     -1.9966056     0.99784296
          98100     -1.9966069      0.9978446
          98200     -1.9966077     0.99784613
          98300     -1.9966066     0.99784715
          98400     -1.9966082     0.99784888
          98500     -1.9966086      0.9978503
          98600     -1.9966094     0.99785183
          98700     -1.9966098     0.99785324
          98800      -1.996612     0.99785511
          98900     -1.9966135     0.99785677
          99000     -1.9966143     0.99785828
          99100     -1.9966145     0.99785964
          99200     -1.9966155     0.99786119
          99300     -1.9966179     0.99786309
          99400     -1.9966173     0.99786419
          99500     -1.9966176     0.99786553
          99600     -1.9966196     0.99786732
          99700     -1.9966193     0.99786851
          99800       -1.99662     0.99786999
          99900      -1.996621     0.99787152
         100000     -1.9966222      0.9978731
