             50        -2.0392         1.0198
            100        -2.0188         1.0097
            150        -2.0108      1.0060333
            200        -2.0072         1.0043
            250       -2.00496        1.00324
            300        -2.0038      1.0026167
            350     -2.0029143      1.0021571
            400        -2.0023       1.001825
            450     -2.0016444      1.0015222
            500        -2.0009        1.00122
            550     -2.0007091      1.0010818
            600             -2      1.0008167
            650     -1.9996615      1.0006692
            700     -1.9992571      1.0005143
            750       -1.99912      1.0004267
            800        -1.9991      1.0003812
            850     -1.9988235      1.0002765
            900        -1.9988      1.0002389
            950     -1.9987474      1.0001947
           1000       -1.99859        1.00013
           1050     -1.9984286      1.0000667
           1100     -1.9983182      1.0000182
           1150      -1.998287      0.9999913
           1200     -1.9982417      0.9999625
           1250      -1.998184       0.999932
           1300     -1.9982385     0.99993077
           1350     -1.9982296     0.99991481
           1400     -1.9981857     0.99988929
           1450     -1.9982069     0.99988276
           1500     -1.9982133     0.99987333
           1550      -1.998129     0.99984194
           1600         -1.998         0.9998
           1650     -1.9980364         0.9998
           1700     -1.9979647     0.99977353
           1750     -1.9979657     0.99976571
           1800     -1.9979111     0.99974444
           1850     -1.9978378     0.99971892
           1900     -1.9978263     0.99970789
           1950     -1.9978308     0.99970256
           2000      -1.997865       0.999705
           2050     -1.9978488     0.99969512
           2100     -1.9977905     0.99967143
           2150     -1.9976791     0.99963488
           2200     -1.9976318     0.99961818
           2250     -1.9975867     0.99960222
           2300     -1.9975609      0.9995913
           2350     -1.9975617     0.99958723
           2400     -1.9975708     0.99958542
           2450     -1.9975102     0.99956531
           2500       -1.99736       0.999522
           2550     -1.9973725     0.99952157
           2600        -1.9974       0.999525
           2650     -1.9974189     0.99952642
           2700        -1.9974     0.99951852
           2750     -1.9973855     0.99951091
           2800     -1.9974036      0.9995125
           2850     -1.9973719     0.99950175
           2900     -1.9973897     0.99950345
           2950     -1.9973966     0.99950169
           3000     -1.9974133     0.99950333
           3050     -1.9974426      0.9995082
           3100     -1.9974258     0.99950161
           3150     -1.9974476     0.99950476
           3200      -1.997475     0.99950938
           3250     -1.9974831     0.99950923
           3300     -1.9974788     0.99950606
           3350     -1.9975045     0.99951045
           3400     -1.9975235     0.99951324
           3450      -1.997513      0.9995087
           3500     -1.9975257        0.99951
           3550      -1.997538     0.99951127
           3600     -1.9975278     0.99950694
           3650     -1.9975233     0.99950411
           3700     -1.9975135         0.9995
           3750     -1.9975147     0.99949867
           3800     -1.9975263         0.9995
           3850     -1.9975117     0.99949481
           3900     -1.9975128     0.99949359
           3950     -1.9975013     0.99948861
           4000     -1.9975075     0.99948875
           4050     -1.9975235     0.99949136
           4100     -1.9975195     0.99948902
           4150     -1.9975205     0.99948795
           4200     -1.9975405     0.99949167
           4250     -1.9975271     0.99948706
           4300     -1.9975465      0.9994907
           4350     -1.9975264     0.99948391
           4400     -1.9975136     0.99947955
           4450     -1.9975101     0.99947753
           4500     -1.9975067     0.99947556
           4550     -1.9975121     0.99947582
           4600     -1.9975022     0.99947174
           4650     -1.9975097     0.99947204
           4700     -1.9975106     0.99947128
           4750     -1.9974842     0.99946316
           4800     -1.9974479     0.99945313
           4850      -1.997466      0.9994567
           4900      -1.997449     0.99945102
           4950     -1.9974323     0.99944545
           5000      -1.997436       0.999445
           5050     -1.9974535     0.99944851
           5100     -1.9974627        0.99945
           5150     -1.9974718     0.99945146
           5200     -1.9974712        0.99945
           5250     -1.9974724     0.99944952
           5300     -1.9974472     0.99944245
           5350     -1.9974523     0.99944299
           5400     -1.9974389     0.99943889
           5450     -1.9973927     0.99942661
           5500     -1.9973982     0.99942727
           5550      -1.997418     0.99943153
           5600     -1.9974161     0.99943036
           5650     -1.9974212     0.99943097
           5700     -1.9974228      0.9994307
           5750     -1.9974174      0.9994287
           5800     -1.9974224     0.99942931
           5850     -1.9974171     0.99942735
           5900     -1.9974254     0.99942881
           5950     -1.9974067     0.99942353
           6000     -1.9973917     0.99941917
           6050     -1.9973835     0.99941653
           6100     -1.9973721     0.99941311
           6150      -1.997361     0.99940976
           6200     -1.9973629     0.99940968
           6250     -1.9973776      0.9994128
           6300     -1.9973698     0.99941032
           6350     -1.9973654     0.99940866
           6400     -1.9973703     0.99940938
           6450     -1.9973535     0.99940465
           6500     -1.9973585     0.99940538
           6550     -1.9973634     0.99940611
           6600     -1.9973379     0.99939924
           6650     -1.9973398     0.99939925
           6700     -1.9973433     0.99939925
           6750       -1.99736     0.99940296
           6800     -1.9973706     0.99940515
           6850     -1.9973489     0.99939927
           6900     -1.9973304      0.9993942
           6950     -1.9973295     0.99939353
           7000       -1.99734     0.99939571
