            100        -1.4505        0.74695
            200       -1.33775       0.612425
            300        -1.3074     0.58103333
            400       -1.31085        0.59455
            500       -1.28224        0.55305
            600       -1.26185     0.51301667
            700     -1.2538714     0.50512143
            800     -1.2469125        0.49175
            900        -1.2519     0.50233333
           1000       -1.23941       0.479345
           1100     -1.2338182     0.45825455
           1200     -1.2443917      0.4776125
           1300     -1.2503615         0.4904
           1400       -1.24975     0.49094286
           1500     -1.2565667     0.50335667
           1600     -1.2594625     0.51120937
           1700     -1.2537588     0.49900294
           1800     -1.2450111     0.47875278
           1900     -1.2410526     0.46961579
           2000      -1.243495        0.47626
           2100     -1.2472905     0.48329762
           2200     -1.2444227     0.47561364
           2300     -1.2400957     0.46320217
           2400     -1.2341667        0.45075
           2500      -1.228412       0.437858
           2600     -1.2252308       0.426875
           2700     -1.2238333     0.42699444
           2800     -1.2215286      0.4258875
           2900     -1.2246793     0.43247586
           3000     -1.2249533        0.43725
           3100     -1.2249613     0.43482742
           3200     -1.2260094     0.43741719
           3300      -1.228897     0.44371061
           3400     -1.2298647     0.44606912
           3500     -1.2344143     0.45380571
           3600     -1.2364278     0.45791806
           3700     -1.2371865     0.45934189
           3800     -1.2392895     0.46380132
           3900     -1.2408795     0.46615769
           4000       -1.24143       0.467205
           4100     -1.2405293     0.46637927
           4200     -1.2426452      0.4709131
           4300     -1.2417651      0.4718686
           4400     -1.2437341     0.47572727
           4500     -1.2444556     0.47769667
           4600     -1.2449043     0.47734239
           4700     -1.2487298     0.48324468
           4800     -1.2478208     0.48031771
           4900     -1.2464735     0.47444796
           5000      -1.246842       0.476986
           5100     -1.2473529     0.47816275
           5200     -1.2462019     0.47478269
           5300     -1.2453509     0.47332642
           5400     -1.2455074     0.47223981
           5500     -1.2448964     0.47132818
           5600     -1.2430643     0.46560982
           5700     -1.2429298     0.46649825
           5800     -1.2430328      0.4654819
           5900     -1.2406729     0.45991017
           6000     -1.2407817     0.46172833
           6100     -1.2414148     0.46372705
           6200     -1.2413742     0.46481613
           6300     -1.2417873     0.46685238
           6400     -1.2409406     0.46565781
           6500     -1.2420938     0.46825692
           6600     -1.2422167     0.46963864
           6700     -1.2435687     0.47289403
           6800     -1.2425721     0.46974632
           6900     -1.2410855     0.46532464
           7000     -1.2412671     0.46487143
           7100     -1.2429944     0.46821127
           7200     -1.2427056     0.46760139
           7300     -1.2422274     0.46740274
           7400     -1.2410743     0.46509797
           7500     -1.2395587     0.46149133
           7600     -1.2395053     0.46141184
           7700     -1.2396442     0.45993117
           7800     -1.2383141     0.45707949
           7900     -1.2367519     0.45428228
           8000      -1.237035     0.45527062
           8100      -1.237737     0.45757037
           8200     -1.2369805     0.45542805
           8300     -1.2353675     0.45200241
           8400     -1.2345107     0.45028869
           8500     -1.2339235     0.44683824
           8600     -1.2334547     0.44671337
           8700     -1.2326747     0.44501437
           8800     -1.2324955     0.44507102
           8900     -1.2315955     0.44293764
           9000     -1.2302056     0.43948611
           9100     -1.2294934     0.43625824
           9200     -1.2292033     0.43595272
           9300     -1.2296323     0.43732688
           9400     -1.2295606     0.43602287
           9500     -1.2302695     0.43760158
           9600     -1.2309531      0.4394901
           9700     -1.2299794     0.43879639
           9800      -1.228901     0.43578469
           9900      -1.229304     0.43678535
          10000      -1.229655       0.437953
          10100      -1.229202     0.43644208
          10200      -1.228298     0.43434804
          10300     -1.2280049     0.43417573
          10400     -1.2281577      0.4346774
          10500     -1.2290819     0.43635095
          10600     -1.2294547     0.43734953
          10700     -1.2292477     0.43708551
          10800     -1.2289546     0.43581019
          10900     -1.2282018     0.43363028
          11000       -1.22889     0.43479909
          11100      -1.228682     0.43391892
          11200     -1.2301134      0.4365317
          11300     -1.2301823     0.43667965
          11400     -1.2301816     0.43673202
          11500     -1.2315687     0.43922217
          11600     -1.2312819     0.43940302
          11700     -1.2310829     0.43979145
          11800     -1.2320483     0.44184958
          11900     -1.2318218     0.44224958
          12000     -1.2324858     0.44383375
          12100     -1.2324512     0.44439793
          12200     -1.2326467     0.44507131
          12300     -1.2329106     0.44511016
          12400      -1.233671       0.446475
          12500      -1.234052      0.4469156
          12600     -1.2338405     0.44722381
          12700     -1.2329843     0.44447362
          12800     -1.2328211     0.44338516
          12900     -1.2328442     0.44365775
          13000     -1.2323062     0.44249808
          13100     -1.2319382     0.44021145
          13200     -1.2323311     0.44109129
          13300     -1.2331617     0.44266504
          13400     -1.2332836     0.44332612
          13500     -1.2345052     0.44552889
          13600     -1.2346471     0.44586985
          13700     -1.2346518      0.4466635
          13800      -1.235613     0.44850109
          13900     -1.2366741     0.45012806
          14000     -1.2365021     0.44975036
          14100     -1.2356163     0.44763156
          14200     -1.2348359     0.44544965
          14300      -1.234365     0.44371748
          14400     -1.2335069     0.44247465
          14500     -1.2339979     0.44345414
          14600     -1.2339322     0.44346952
          14700     -1.2336714     0.44311565
          14800     -1.2333155     0.44286554
          14900      -1.233202     0.44218691
          15000     -1.2327747       0.441338
          15100     -1.2324914     0.44113742
          15200     -1.2319553     0.43924145
          15300     -1.2310529     0.43721046
          15400     -1.2308429     0.43704935
          15500     -1.2319839     0.43905839
          15600     -1.2327571     0.44073558
          15700     -1.2335541     0.44219873
          15800      -1.234019     0.44348639
          15900      -1.233756     0.44327201
          16000     -1.2334881     0.44260156
          16100     -1.2331354     0.44213075
          16200     -1.2330426     0.44243796
          16300     -1.2335834      0.4436727
          16400        -1.2339     0.44452256
          16500     -1.2333648     0.44271545
          16600     -1.2330922     0.44131657
          16700     -1.2327443      0.4411503
          16800     -1.2334786     0.44263065
          16900     -1.2334805     0.44268609
          17000     -1.2334571     0.44289324
          17100     -1.2334643     0.44223392
          17200     -1.2336052     0.44266192
          17300     -1.2344289     0.44425549
          17400     -1.2348098     0.44469569
          17500     -1.2343606     0.44382914
          17600     -1.2344091     0.44401847
          17700     -1.2342508     0.44378192
          17800      -1.234082     0.44329157
          17900     -1.2343156     0.44372849
          18000     -1.2349033     0.44498306
          18100     -1.2345807     0.44333425
          18200     -1.2341077     0.44281401
          18300     -1.2351891      0.4445888
          18400     -1.2356489     0.44570571
          18500     -1.2364827     0.44723162
          18600     -1.2368839     0.44822796
          18700     -1.2375652     0.44961604
          18800     -1.2384739     0.45113085
          18900     -1.2385815      0.4514873
          19000     -1.2379984     0.45082737
          19100     -1.2386702     0.45215497
          19200     -1.2384974     0.45183411
          19300     -1.2385451     0.45238601
          19400     -1.2390572     0.45311418
          19500     -1.2393605     0.45380256
          19600     -1.2397122     0.45494056
          19700     -1.2402787     0.45590939
          19800     -1.2400551     0.45460707
          19900     -1.2398779      0.4545407
          20000     -1.2403045       0.455602
          20100     -1.2405831     0.45640473
          20200     -1.2400421     0.45501658
          20300     -1.2396015     0.45384778
          20400     -1.2402931     0.45503382
          20500     -1.2404102     0.45559732
          20600     -1.2412709     0.45691772
          20700     -1.2416932     0.45792802
          20800     -1.2415125     0.45759159
          20900     -1.2412809     0.45752871
          21000     -1.2414176     0.45824619
          21100     -1.2409592     0.45740664
          21200     -1.2416151      0.4586941
          21300     -1.2419052     0.45960211
          21400     -1.2421668     0.46036308
          21500       -1.24214     0.46092558
          21600     -1.2421245     0.46130093
          21700      -1.242465     0.46222834
          21800     -1.2425757     0.46287385
          21900     -1.2425534      0.4627516
          22000     -1.2423236     0.46247682
          22100     -1.2425905     0.46331561
          22200     -1.2425293     0.46317725
          22300     -1.2418753     0.46214955
          22400     -1.2415246     0.46099866
          22500     -1.2413822     0.46108178
          22600     -1.2412681     0.46067743
          22700     -1.2414555     0.46096982
          22800     -1.2419947     0.46197018
          22900      -1.242248     0.46261419
          23000     -1.2418857     0.46194826
          23100     -1.2413784     0.46068874
          23200      -1.241094     0.45979203
          23300     -1.2408039     0.45897339
          23400     -1.2404038     0.45783034
          23500     -1.2400762     0.45732213
          23600     -1.2395703     0.45661356
          23700     -1.2393911     0.45609241
          23800     -1.2387735     0.45497017
          23900     -1.2385406      0.4545523
          24000     -1.2382971     0.45375688
          24100     -1.2381104     0.45332054
          24200     -1.2379822     0.45332955
          24300     -1.2375235     0.45263148
          24400     -1.2374475     0.45263135
          24500     -1.2373396     0.45283204
          24600     -1.2377211      0.4536439
          24700     -1.2374733     0.45316964
          24800     -1.2368056     0.45187944
          24900     -1.2363004     0.45073253
          25000     -1.2361756      0.4503678
          25100     -1.2359024     0.44928606
          25200     -1.2360603     0.44976111
          25300     -1.2360522     0.44983972
          25400     -1.2361004     0.45028996
          25500     -1.2363337     0.45093137
          25600     -1.2370078     0.45201484
          25700     -1.2371934     0.45266965
          25800      -1.237274       0.452975
          25900     -1.2375375     0.45358552
          26000     -1.2373304     0.45317981
          26100     -1.2380559     0.45430421
          26200     -1.2381817     0.45486088
          26300     -1.2384205     0.45550741
          26400     -1.2391277     0.45660398
          26500     -1.2390645     0.45668509
          26600     -1.2391218     0.45664624
          26700     -1.2390524      0.4566618
          26800     -1.2387537     0.45605728
          26900     -1.2387268     0.45644888
          27000     -1.2386856     0.45670574
          27100     -1.2392225     0.45769225
          27200     -1.2395217     0.45844228
          27300     -1.2396165     0.45884652
          27400     -1.2394223     0.45833157
          27500     -1.2389542     0.45766982
          27600     -1.2389917     0.45798478
          27700     -1.2390097     0.45790433
          27800     -1.2389252     0.45773723
          27900     -1.2386043     0.45748889
          28000     -1.2383154     0.45664196
          28100     -1.2378904      0.4557968
          28200     -1.2376929     0.45525603
          28300     -1.2379283     0.45568357
          28400     -1.2379641     0.45614789
          28500     -1.2378056     0.45583614
          28600     -1.2375385     0.45536451
          28700     -1.2374362     0.45500087
          28800     -1.2373038     0.45466632
          28900     -1.2375782     0.45542785
          29000     -1.2378252     0.45621121
          29100     -1.2373784     0.45560137
          29200      -1.237436     0.45579007
          29300      -1.237441     0.45610085
          29400     -1.2373398      0.4556585
          29500     -1.2375336     0.45611898
          29600     -1.2371483      0.4554527
          29700     -1.2374852      0.4562362
          29800     -1.2379544     0.45708221
          29900     -1.2382676     0.45782241
          30000      -1.238635     0.45857517
          30100     -1.2388628     0.45912475
          30200     -1.2390993     0.45961954
          30300     -1.2389158     0.45887294
          30400     -1.2384434     0.45777171
          30500     -1.2380764     0.45693393
          30600     -1.2383997      0.4574348
          30700     -1.2388078     0.45815863
          30800     -1.2389114     0.45805893
          30900     -1.2387288     0.45783301
          31000     -1.2390761     0.45851629
          31100     -1.2392428     0.45903601
          31200     -1.2390654       0.458825
          31300     -1.2386412     0.45788019
          31400     -1.2381752     0.45662755
          31500     -1.2380765     0.45583698
          31600     -1.2378902     0.45553323
          31700     -1.2382256     0.45618943
          31800     -1.2383371     0.45658774
          31900     -1.2382652     0.45597461
          32000     -1.2380847     0.45556375
          32100     -1.2379031     0.45522928
          32200     -1.2376385     0.45431149
          32300     -1.2374604     0.45369381
          32400     -1.2373861     0.45366358
          32500     -1.2375831     0.45428923
          32600     -1.2379991       0.455075
          32700     -1.2382104     0.45559725
          32800     -1.2382314     0.45587226
          32900     -1.2380678     0.45512599
          33000     -1.2378688     0.45457045
          33100     -1.2378622     0.45472961
          33200     -1.2378102     0.45466973
          33300     -1.2381913     0.45525886
          33400     -1.2381299     0.45501302
          33500      -1.237823     0.45415761
          33600     -1.2375789     0.45364926
          33700     -1.2375003     0.45340119
          33800     -1.2378817      0.4541182
          33900     -1.2380032     0.45386799
          34000     -1.2378706     0.45324882
          34100     -1.2383422     0.45390103
          34200     -1.2383614     0.45414576
          34300     -1.2381746     0.45344708
          34400     -1.2382491     0.45381526
          34500     -1.2384878     0.45437246
          34600     -1.2386355     0.45473136
          34700     -1.2388536     0.45523588
          34800     -1.2391819     0.45597356
          34900     -1.2390673     0.45598897
          35000     -1.2388297     0.45518986
          35100     -1.2385966     0.45490997
          35200     -1.2388372     0.45537912
          35300     -1.2389416     0.45557351
          35400     -1.2391531     0.45597105
          35500        -1.2391     0.45572282
          35600     -1.2390913     0.45571657
          35700     -1.2388515      0.4548528
          35800     -1.2389017     0.45492221
          35900     -1.2387396     0.45464192
          36000     -1.2387353     0.45480403
          36100      -1.238959     0.45507742
          36200     -1.2389331     0.45500566
          36300     -1.2391554     0.45554807
          36400     -1.2391258     0.45546374
          36500     -1.2392121     0.45583329
          36600      -1.239326     0.45608743
          36700     -1.2395041     0.45653229
          36800     -1.2396155     0.45677255
          36900     -1.2395474     0.45691938
          37000     -1.2397873     0.45745622
          37100     -1.2400218     0.45796402
          37200     -1.2401231     0.45834355
          37300      -1.240074     0.45848056
          37400     -1.2398663     0.45774037
          37500     -1.2396907       0.456994
          37600     -1.2396024     0.45682646
          37700     -1.2394676     0.45671472
          37800     -1.2396857     0.45728995
          37900      -1.239904      0.4575847
          38000     -1.2399205     0.45774184
          38100     -1.2398745     0.45777612
          38200     -1.2400228     0.45819869
          38300     -1.2400439      0.4584205
          38400     -1.2397971     0.45804948
          38500      -1.239434     0.45763779
          38600     -1.2392808      0.4576737
          38700     -1.2391809     0.45778036
          38800     -1.2389235     0.45707526
          38900     -1.2389512     0.45738021
          39000     -1.2388228     0.45745385
          39100      -1.238822      0.4570977
          39200     -1.2387883     0.45699247
          39300     -1.2389491     0.45731476
          39400     -1.2385858     0.45660393
          39500     -1.2383605     0.45615582
          39600     -1.2382237     0.45607677
          39700     -1.2381992     0.45608073
          39800     -1.2380857     0.45586495
          39900     -1.2378008     0.45549085
          40000     -1.2376145     0.45530888
          40100      -1.237602     0.45507955
          40200     -1.2378229     0.45540187
          40300     -1.2382489     0.45613102
          40400     -1.2385136     0.45669183
          40500     -1.2386825     0.45697593
          40600     -1.2384352     0.45671502
          40700     -1.2387143     0.45724631
          40800     -1.2388556     0.45752439
          40900     -1.2387927     0.45782677
          41000      -1.239028     0.45833573
          41100     -1.2392757     0.45885085
          41200     -1.2391772     0.45831238
          41300     -1.2390637     0.45799419
          41400      -1.239049     0.45780411
          41500     -1.2390441     0.45797277
          41600     -1.2390615     0.45810865
          41700     -1.2388655     0.45752566
          41800     -1.2385043     0.45672189
          41900     -1.2383014     0.45641134
          42000     -1.2384812     0.45684548
          42100     -1.2386444     0.45726508
          42200     -1.2389479     0.45786896
          42300     -1.2389856      0.4580779
          42400     -1.2389462     0.45813384
          42500     -1.2391111     0.45847459
          42600     -1.2393737     0.45900293
          42700     -1.2393956     0.45922998
          42800     -1.2397402     0.45977991
          42900     -1.2398573     0.46009464
          43000     -1.2398665     0.46009558
          43100     -1.2396146     0.45941508
          43200     -1.2394479     0.45918322
          43300     -1.2393189     0.45869065
          43400     -1.2394788      0.4589356
          43500     -1.2396954     0.45937149
          43600     -1.2398367     0.45973784
          43700     -1.2397773     0.45960343
          43800     -1.2399913     0.45995719
          43900     -1.2402986     0.46038485
          44000     -1.2400739     0.46007068
          44100     -1.2399644     0.45975771
          44200      -1.239786     0.45940962
          44300     -1.2396081     0.45920158
          44400     -1.2396793     0.45949651
          44500     -1.2397764     0.45962213
          44600     -1.2398314     0.45974899
          44700     -1.2399383      0.4600274
          44800     -1.2398871     0.45999821
          44900     -1.2399236     0.46014566
          45000     -1.2396767     0.45951833
          45100     -1.2395942     0.45947683
          45200     -1.2396398     0.45934723
          45300     -1.2395762     0.45927991
          45400     -1.2393278     0.45884361
          45500     -1.2394369     0.45920516
          45600     -1.2396353     0.45961239
          45700     -1.2394681     0.45956149
          45800     -1.2393026     0.45931965
          45900     -1.2392839     0.45908279
          46000     -1.2392083     0.45899793
          46100     -1.2390002     0.45848623
          46200     -1.2387052     0.45779416
          46300     -1.2388203     0.45806231
          46400     -1.2384916     0.45743125
          46500     -1.2384441     0.45697591
          46600     -1.2384539     0.45696878
          46700     -1.2384901     0.45722002
          46800     -1.2384673      0.4572203
          46900     -1.2386369     0.45760235
          47000     -1.2387377     0.45790947
          47100     -1.2386384     0.45761507
          47200     -1.2385561     0.45745032
          47300     -1.2384628     0.45733288
          47400     -1.2383152     0.45690717
          47500     -1.2384547     0.45725147
          47600     -1.2387813     0.45781229
          47700     -1.2389589     0.45813564
          47800     -1.2388851     0.45793703
          47900     -1.2387522     0.45758904
          48000     -1.2387135     0.45743271
          48100     -1.2386653     0.45756933
          48200     -1.2388479     0.45796846
          48300     -1.2388277     0.45815124
          48400        -1.2391     0.45859638
          48500     -1.2392901     0.45901856
          48600     -1.2393438     0.45924928
          48700     -1.2393378     0.45943809
          48800     -1.2391178     0.45915277
          48900     -1.2390237     0.45889274
          49000     -1.2390794      0.4590951
          49100     -1.2391149     0.45918269
          49200     -1.2389333     0.45852632
          49300     -1.2389907      0.4583715
          49400     -1.2390379     0.45863482
          49500     -1.2388727      0.4583896
          49600     -1.2389714     0.45865756
          49700     -1.2387885     0.45832233
          49800     -1.2385675     0.45781044
          49900     -1.2387934     0.45819749
          50000     -1.2390548      0.4586833
          50100     -1.2392108     0.45903962
          50200     -1.2392321     0.45923934
          50300     -1.2391252     0.45892247
          50400     -1.2390806     0.45880248
          50500       -1.23886      0.4583604
          50600     -1.2386735     0.45769209
          50700     -1.2388757     0.45789714
          50800     -1.2390986     0.45833681
          50900     -1.2391721     0.45843251
          51000      -1.238951     0.45789745
          51100     -1.2387867     0.45742935
          51200      -1.238576     0.45695273
          51300     -1.2384407     0.45640331
          51400     -1.2383558     0.45624056
          51500     -1.2385136     0.45662485
          51600     -1.2384837     0.45667849
          51700     -1.2384553     0.45659632
          51800     -1.2386029      0.4568416
          51900     -1.2388054     0.45715655
          52000     -1.2390587     0.45757308
          52100     -1.2389614     0.45747111
          52200     -1.2390812     0.45784492
          52300     -1.2394767     0.45845851
          52400     -1.2397714     0.45897824
          52500     -1.2398173     0.45919038
          52600     -1.2398274     0.45924183
          52700     -1.2395755     0.45862799
          52800     -1.2394331     0.45806117
          52900     -1.2393975     0.45791002
          53000      -1.239496     0.45824189
          53100     -1.2394092     0.45818992
          53200     -1.2394744     0.45848233
          53300     -1.2397865     0.45898752
          53400      -1.239771     0.45901255
          53500     -1.2396936     0.45871421
          53600      -1.239586     0.45832034
          53700     -1.2396162     0.45841266
          53800     -1.2397281     0.45874972
          53900     -1.2398167     0.45907403
          54000     -1.2399324     0.45940556
          54100     -1.2403048     0.45996312
          54200     -1.2405068     0.46033662
          54300     -1.2406122     0.46065663
          54400     -1.2408438     0.46113382
          54500     -1.2410284     0.46157835
          54600     -1.2410844     0.46175769
          54700     -1.2410267     0.46164698
          54800      -1.240931     0.46147719
          54900     -1.2407736     0.46086995
          55000     -1.2406131     0.46047364
          55100     -1.2405519     0.46051869
          55200     -1.2406361     0.46073098
          55300     -1.2405608     0.46076953
          55400     -1.2405597     0.46093745
          55500     -1.2406791     0.46123198
          55600     -1.2406414     0.46123264
          55700     -1.2406831     0.46134785
          55800     -1.2405853     0.46096353
          55900     -1.2404177     0.46066306
          56000     -1.2403632     0.46060286
          56100     -1.2401287     0.46015793
          56200     -1.2399279     0.45979128
          56300     -1.2401782     0.46024769
          56400     -1.2402583     0.46043032
          56500     -1.2401205     0.46002009
          56600     -1.2403408     0.46039965
          56700      -1.240561     0.46075079
          56800     -1.2407426     0.46114789
          56900     -1.2408868      0.4613754
          57000     -1.2407977     0.46108167
          57100     -1.2406271     0.46059658
          57200     -1.2404066     0.46007474
          57300     -1.2403298     0.45990227
          57400     -1.2402552      0.4598297
          57500     -1.2402743     0.45999661
          57600     -1.2402797     0.46007752
          57700     -1.2405163     0.46051681
          57800     -1.2404194     0.46059213
          57900     -1.2406373     0.46097712
          58000      -1.240874      0.4614131
          58100      -1.240906     0.46164639
          58200      -1.240795     0.46136959
          58300     -1.2407094     0.46111612
          58400     -1.2405142     0.46077132
          58500     -1.2403417     0.46018017
          58600     -1.2401898     0.45966254
          58700     -1.2402514     0.45981942
          58800     -1.2404605      0.4602102
          58900     -1.2406205     0.46054822
          59000     -1.2407441     0.46086551
          59100     -1.2406782     0.46077149
          59200     -1.2405529     0.46033927
          59300     -1.2405285     0.46027614
          59400     -1.2403187     0.45972837
          59500     -1.2402612      0.4593621
          59600     -1.2401191     0.45921158
          59700     -1.2399678     0.45914171
          59800     -1.2399052     0.45924866
          59900     -1.2398416     0.45935234
          60000     -1.2397145     0.45900292
          60100     -1.2396173     0.45874293
          60200     -1.2396156     0.45886628
          60300     -1.2395972     0.45890464
          60400     -1.2396144     0.45900248
          60500     -1.2394907     0.45871025
          60600      -1.239499     0.45881807
          60700      -1.239453     0.45874522
          60800     -1.2395735     0.45882854
          60900     -1.2396156     0.45890025
          61000     -1.2395585     0.45887877
          61100     -1.2394345     0.45865745
          61200     -1.2392843     0.45826356
          61300     -1.2391685     0.45818532
          61400     -1.2392984      0.4584605
          61500     -1.2391348     0.45791724
          61600     -1.2391403     0.45773068
          61700     -1.2392527     0.45805851
          61800     -1.2392157     0.45812718
          61900     -1.2392396     0.45815089
          62000     -1.2394087     0.45846427
          62100     -1.2396097     0.45884058
          62200     -1.2399762     0.45934743
          62300     -1.2398244     0.45896164
          62400     -1.2399135     0.45914527
          62500     -1.2398363     0.45880592
          62600     -1.2397332     0.45871733
          62700     -1.2398002     0.45896388
          62800     -1.2399043     0.45917484
          62900     -1.2397626     0.45901033
          63000     -1.2396729     0.45896595
          63100     -1.2395002     0.45864469
          63200     -1.2396475     0.45892033
          63300     -1.2396363      0.4589316
          63400     -1.2398404     0.45928107
          63500     -1.2397269     0.45925677
          63600     -1.2398755      0.4596206
          63700     -1.2398279      0.4595467
          63800     -1.2400676     0.45996426
          63900     -1.2400648     0.45995196
          64000     -1.2399248       0.459535
          64100     -1.2398212     0.45909298
          64200     -1.2397855     0.45911059
          64300     -1.2397543     0.45892162
          64400     -1.2395815     0.45851118
          64500     -1.2394367      0.4580714
          64600     -1.2393076     0.45785689
          64700     -1.2392567     0.45751777
          64800     -1.2391546     0.45724792
          64900     -1.2390897     0.45731433
          65000     -1.2390155     0.45724269
          65100     -1.2388737      0.4570573
          65200     -1.2387166     0.45676066
          65300     -1.2388237     0.45701776
          65400     -1.2386726     0.45665512
          65500     -1.2386777     0.45680473
          65600     -1.2385782     0.45668377
          65700      -1.238425     0.45617702
          65800     -1.2385976     0.45650023
          65900     -1.2383777     0.45615417
          66000     -1.2385482     0.45643023
          66100     -1.2386619     0.45672421
          66200     -1.2387021      0.4568713
          66300     -1.2385857     0.45667926
          66400     -1.2384518      0.4564994
          66500     -1.2382932     0.45627406
          66600     -1.2382722     0.45626757
          66700     -1.2385004      0.4565961
          66800     -1.2384769     0.45668907
          66900     -1.2384404     0.45663341
          67000     -1.2386249     0.45699828
          67100     -1.2387559     0.45735626
          67200     -1.2386918     0.45735685
          67300     -1.2386159     0.45732727
          67400     -1.2387077     0.45759629
          67500     -1.2386733     0.45749333
          67600     -1.2385451     0.45716464
          67700     -1.2384419     0.45693095
          67800      -1.238378     0.45676357
          67900       -1.23828     0.45657968
          68000     -1.2382656     0.45662647
          68100     -1.2381677     0.45657665
          68200     -1.2381491     0.45660308
          68300     -1.2383754     0.45703646
          68400     -1.2384174     0.45721594
          68500     -1.2383673     0.45713672
          68600     -1.2383124     0.45680977
          68700     -1.2386383      0.4572992
          68800     -1.2387154      0.4575375
          68900     -1.2387199     0.45768454
          69000     -1.2386697     0.45752261
          69100     -1.2385318     0.45705333
          69200     -1.2384913     0.45695535
          69300     -1.2385834     0.45725354
          69400      -1.238437     0.45711254
          69500     -1.2383137     0.45685799
          69600     -1.2383882     0.45704677
          69700     -1.2383653     0.45697209
          69800     -1.2382367     0.45661554
          69900     -1.2380808       0.456301
          70000     -1.2380459     0.45597993
          70100     -1.2380355     0.45601676
          70200      -1.238042     0.45602899
          70300     -1.2381701     0.45623435
          70400      -1.238028     0.45584126
          70500     -1.2379289      0.4556761
          70600     -1.2380928     0.45601225
          70700     -1.2383164     0.45641287
          70800     -1.2383883     0.45661377
          70900     -1.2384162     0.45672292
          71000     -1.2385985     0.45705444
          71100     -1.2386875     0.45724205
          71200     -1.2387544     0.45747809
          71300     -1.2389086     0.45778233
          71400     -1.2390076     0.45801078
          71500     -1.2391081     0.45825098
          71600     -1.2391623     0.45845859
          71700      -1.239105     0.45831457
          71800     -1.2389369     0.45790411
          71900     -1.2388331     0.45764499
          72000     -1.2388522     0.45767625
          72100     -1.2387861     0.45736637
          72200     -1.2386999     0.45710055
          72300     -1.2386947     0.45702586
          72400     -1.2388159     0.45722493
          72500      -1.238975     0.45750938
          72600     -1.2389899     0.45756302
          72700     -1.2389858     0.45758597
          72800      -1.238971     0.45763599
          72900     -1.2389377     0.45757716
          73000     -1.2390241     0.45781253
          73100     -1.2388825     0.45762326
          73200     -1.2387346     0.45711639
          73300     -1.2386116     0.45668076
          73400     -1.2386456     0.45670102
          73500     -1.2386868     0.45669259
          73600     -1.2386611     0.45662079
          73700     -1.2387418     0.45679294
          73800     -1.2384962     0.45645407
          73900     -1.2385208     0.45653802
          74000     -1.2384205     0.45635284
          74100     -1.2382791     0.45592605
          74200     -1.2383825     0.45611476
          74300     -1.2385717     0.45645336
          74400     -1.2386184     0.45663434
          74500     -1.2385966     0.45674215
          74600     -1.2384595     0.45657024
          74700      -1.238429     0.45652416
          74800     -1.2382614     0.45628389
          74900     -1.2383562     0.45649039
          75000     -1.2383512     0.45663087
          75100     -1.2383752     0.45685007
          75200     -1.2383173     0.45652387
          75300     -1.2381819     0.45625458
          75400     -1.2382462      0.4564945
          75500     -1.2382952     0.45667556
          75600       -1.23838     0.45690833
          75700     -1.2385263     0.45714861
          75800     -1.2385313     0.45727408
          75900     -1.2387041     0.45755184
          76000     -1.2386782     0.45762513
          76100     -1.2386813     0.45755749
          76200     -1.2386167     0.45754167
          76300     -1.2386225     0.45772857
          76400     -1.2385493     0.45752978
          76500     -1.2384746     0.45736301
          76600     -1.2383755     0.45705685
          76700     -1.2385081     0.45733814
          76800     -1.2385962     0.45746901
          76900     -1.2385518     0.45734298
          77000     -1.2384813     0.45721416
          77100      -1.238396     0.45695389
          77200     -1.2382273     0.45652908
          77300     -1.2382736     0.45654806
          77400     -1.2384659     0.45686951
          77500     -1.2384508     0.45696432
          77600     -1.2384668     0.45709066
          77700      -1.238608     0.45736377
          77800     -1.2385569     0.45727641
          77900     -1.2386127     0.45742259
          78000     -1.2386903     0.45765321
          78100     -1.2388127     0.45788988
          78200     -1.2388459     0.45799265
          78300      -1.238647     0.45752458
          78400     -1.2385298     0.45722398
          78500      -1.238449     0.45708376
          78600     -1.2385623     0.45732061
          78700     -1.2387914     0.45768914
          78800     -1.2389575     0.45799867
          78900     -1.2388946     0.45785906
          79000     -1.2387778     0.45744241
          79100     -1.2386761      0.4573921
          79200     -1.2386949     0.45744653
          79300     -1.2388506     0.45774155
          79400     -1.2390013     0.45806291
          79500      -1.239021     0.45819623
          79600     -1.2392023     0.45851884
          79700      -1.239335     0.45875194
          79800     -1.2393204     0.45882425
          79900        -1.2393     0.45891558
          80000     -1.2391931     0.45875088
          80100       -1.23908     0.45863134
          80200     -1.2391596     0.45885511
          80300     -1.2391791     0.45898207
          80400     -1.2393204     0.45928308
          80500     -1.2391687     0.45893124
          80600     -1.2392431     0.45908375
          80700     -1.2391471     0.45894226
          80800     -1.2390458      0.4587203
          80900     -1.2390105     0.45851218
          81000     -1.2389835     0.45848333
          81100     -1.2391216     0.45876954
          81200     -1.2391398     0.45873276
          81300     -1.2391833     0.45888506
          81400     -1.2392697     0.45908735
          81500     -1.2391717     0.45889325
          81600     -1.2392871     0.45907923
          81700     -1.2392654     0.45911487
          81800     -1.2391441     0.45884872
          81900     -1.2391137     0.45877918
          82000     -1.2390993     0.45880567
          82100     -1.2391365      0.4588511
          82200     -1.2392438     0.45905845
          82300     -1.2393806     0.45930334
          82400     -1.2394303     0.45943708
          82500     -1.2394194     0.45937309
          82600     -1.2393781     0.45937621
          82700     -1.2395917     0.45967715
          82800     -1.2397876     0.45995072
          82900     -1.2396831      0.4597158
          83000       -1.23974     0.45979928
          83100     -1.2397414     0.45987413
          83200     -1.2398328     0.46010066
          83300     -1.2399275     0.46034316
          83400      -1.239793     0.46013807
          83500     -1.2398055     0.46008665
          83600     -1.2397822     0.46001196
          83700      -1.239936     0.46026762
          83800     -1.2399383     0.46037166
          83900     -1.2401442     0.46071192
          84000     -1.2401851      0.4608169
          84100     -1.2401979     0.46072319
          84200     -1.2402373     0.46084258
          84300     -1.2401515     0.46061791
          84400     -1.2400309      0.4603032
          84500      -1.239969     0.46013899
          84600     -1.2400921      0.4604026
          84700     -1.2401874     0.46062556
          84800     -1.2403689     0.46091757
          84900     -1.2404829     0.46118881
          85000      -1.240366     0.46095565
          85100     -1.2402734     0.46065376
          85200      -1.240359     0.46087101
          85300     -1.2402619     0.46062509
          85400     -1.2401553      0.4603709
          85500     -1.2399965     0.46012287
          85600     -1.2400659     0.46019924
          85700     -1.2401387     0.46039872
          85800     -1.2403043     0.46066748
          85900     -1.2403689      0.4608064
          86000     -1.2402941     0.46070453
          86100     -1.2404436     0.46099913
          86200     -1.2404881     0.46111166
          86300     -1.2405854     0.46134815
          86400     -1.2405606     0.46133987
          86500     -1.2405802     0.46129555
          86600     -1.2405968     0.46138609
          86700     -1.2406036     0.46150617
          86800     -1.2404721     0.46123203
          86900     -1.2404414     0.46109845
          87000     -1.2405569     0.46134374
          87100     -1.2408037      0.4616992
          87200     -1.2408142     0.46176336
          87300     -1.2407523     0.46159313
          87400     -1.2407129     0.46138158
          87500      -1.240911     0.46171263
          87600     -1.2408689     0.46153122
          87700     -1.2407298     0.46116591
          87800     -1.2406011     0.46100205
          87900     -1.2406402     0.46115398
          88000     -1.2405273     0.46091108
          88100     -1.2405042     0.46089058
          88200     -1.2405129     0.46098804
          88300     -1.2403978      0.4607573
          88400     -1.2404553     0.46091273
          88500     -1.2404058     0.46093073
          88600      -1.240453     0.46106275
          88700     -1.2403949     0.46097858
          88800     -1.2404336     0.46115788
          88900      -1.240458     0.46121884
          89000     -1.2405112     0.46136669
          89100     -1.2406315      0.4616243
          89200     -1.2407481     0.46184187
          89300     -1.2407333     0.46183393
          89400     -1.2407518     0.46194211
          89500     -1.2408256     0.46209369
          89600     -1.2408095      0.4621303
          89700      -1.240824     0.46217196
          89800     -1.2408588     0.46234382
          89900       -1.24094     0.46257442
          90000     -1.2408937       0.462449
          90100     -1.2408689     0.46250461
          90200     -1.2410445     0.46279429
          90300     -1.2411811     0.46307315
          90400     -1.2411993      0.4631682
          90500      -1.241434     0.46347188
          90600     -1.2414893     0.46358802
          90700     -1.2416201      0.4638054
          90800     -1.2416401     0.46390424
          90900     -1.2417953     0.46418339
          91000     -1.2416922     0.46409978
          91100      -1.241654     0.46396032
          91200     -1.2416024     0.46387763
          91300     -1.2415607     0.46391369
          91400     -1.2414741     0.46387992
          91500     -1.2415944     0.46412781
          91600     -1.2417043     0.46438144
          91700     -1.2416032     0.46427644
          91800     -1.2416083     0.46432337
          91900     -1.2414875     0.46405925
          92000     -1.2415013      0.4641575
          92100     -1.2414242      0.4639683
          92200     -1.2414901     0.46411394
          92300     -1.2415449     0.46428619
          92400     -1.2416168     0.46440595
          92500     -1.2415209     0.46404665
          92600     -1.2413824      0.4637061
          92700     -1.2412857     0.46346893
          92800     -1.2412781     0.46339359
          92900     -1.2414494     0.46367266
          93000     -1.2415281     0.46386597
          93100     -1.2416539     0.46412003
          93200     -1.2417077     0.46426427
          93300     -1.2417791     0.46445568
          93400     -1.2419464     0.46473854
          93500     -1.2418374     0.46453337
          93600     -1.2418956     0.46463964
          93700     -1.2419513     0.46477273
          93800     -1.2420983      0.4650524
          93900      -1.242179     0.46521896
          94000     -1.2420526     0.46497404
          94100     -1.2419811     0.46488937
          94200     -1.2419241     0.46472357
          94300     -1.2419172     0.46474926
          94400     -1.2420076     0.46495291
          94500     -1.2419168     0.46476116
          94600      -1.241776     0.46455529
          94700     -1.2416128     0.46427254
          94800     -1.2415246     0.46399641
          94900     -1.2414399     0.46387582
          95000     -1.2415035     0.46402468
          95100     -1.2415748      0.4642245
          95200     -1.2415187     0.46416891
          95300     -1.2415057     0.46425241
          95400     -1.2415709     0.46434104
          95500     -1.2414336     0.46397613
          95600      -1.241272     0.46365471
          95700     -1.2412066     0.46341311
          95800     -1.2412342     0.46352223
          95900     -1.2413257     0.46365036
          96000     -1.2412772     0.46342292
          96100     -1.2411871     0.46315198
          96200     -1.2411156      0.4630854
          96300     -1.2411114     0.46314875
          96400      -1.240965     0.46284269
          96500     -1.2408307     0.46250658
          96600     -1.2407627      0.4623441
          96700     -1.2408035     0.46245093
          96800     -1.2407866     0.46247066
          96900     -1.2408124     0.46255139
          97000     -1.2407725     0.46257995
          97100     -1.2406768     0.46237554
          97200     -1.2407307     0.46246965
          97300     -1.2405982     0.46228345
          97400     -1.2405226     0.46219723
          97500     -1.2405113     0.46227974
          97600     -1.2405927     0.46246952
          97700      -1.240513     0.46240271
          97800     -1.2405554     0.46251815
          97900     -1.2406798     0.46275107
          98000     -1.2407371      0.4628873
          98100      -1.240683     0.46283287
          98200     -1.2406955     0.46287968
          98300     -1.2406203     0.46261551
          98400     -1.2406569     0.46276931
          98500     -1.2407541      0.4629897
          98600     -1.2408375     0.46312459
          98700     -1.2409229     0.46329666
          98800     -1.2408539     0.46300617
          98900     -1.2407234     0.46278584
          99000     -1.2408194     0.46300222
          99100     -1.2408841     0.46318946
          99200     -1.2409002      0.4632372
          99300     -1.2408205     0.46305735
          99400     -1.2408681     0.46321519
          99500     -1.2410259     0.46349347
          99600     -1.2411413     0.46371561
          99700     -1.2410506     0.46359509
          99800     -1.2409695      0.4633977
          99900     -1.2409301     0.46338649
         100000     -1.2410428      0.4635833
