             50         0.4423
            100       0.393475
            150       0.320833
            200       0.391663
            250        0.36521
            300       0.397683
            350       0.374186
            400       0.347956
            450       0.382472
            500        0.36757
            550       0.377832
            600       0.351317
            650       0.366346
            700       0.370861
            750        0.36698
            800       0.345034
            850       0.388179
            900       0.363992
            950       0.358963
           1000       0.339393
           1050       0.407395
           1100       0.375266
           1150        0.37222
           1200       0.401458
           1250       0.379292
           1300       0.369215
           1350       0.367759
           1400        0.35622
           1450       0.362459
           1500        0.37878
           1550       0.362652
           1600       0.362662
           1650       0.354568
           1700       0.353921
           1750       0.372381
           1800       0.356894
           1850       0.367436
           1900       0.366772
           1950       0.365908
           2000       0.376188
           2050       0.354806
           2100        0.35586
           2150       0.357312
           2200       0.373257
           2250       0.369387
           2300       0.370118
           2350       0.362515
           2400       0.360266
           2450       0.379779
           2500       0.401576
           2550       0.369012
           2600       0.356463
           2650       0.369499
           2700       0.377614
           2750       0.356518
           2800       0.362171
           2850       0.365689
           2900       0.367118
           2950       0.370131
           3000       0.367952
           3050       0.369184
           3100       0.362812
           3150       0.362537
           3200        0.36265
           3250       0.365605
           3300       0.369928
           3350       0.357051
           3400       0.365301
           3450       0.371527
           3500       0.364646
           3550       0.352795
           3600       0.350735
           3650       0.369632
           3700       0.364832
           3750       0.370296
           3800       0.360291
           3850       0.366686
           3900       0.361133
           3950       0.365746
           4000       0.364483
           4050       0.366612
           4100       0.364448
           4150       0.369084
           4200        0.38018
           4250       0.376249
           4300       0.370596
           4350       0.384214
           4400        0.36778
           4450       0.364547
           4500       0.367196
           4550       0.368703
           4600       0.371805
           4650       0.377236
           4700       0.358876
           4750       0.368536
           4800        0.36132
           4850       0.358782
           4900       0.367307
           4950       0.367416
           5000       0.364345
           5050       0.362648
           5100       0.371002
           5150         0.3613
           5200       0.360267
           5250         0.3667
           5300       0.371554
           5350        0.35366
           5400       0.356006
           5450       0.369378
           5500       0.371598
           5550       0.370944
           5600       0.361608
           5650       0.359683
           5700        0.36371
           5750       0.361009
           5800       0.379394
           5850       0.362989
           5900       0.375188
           5950       0.367535
           6000       0.370577
           6050       0.382905
           6100       0.368938
           6150       0.363092
           6200       0.359444
           6250        0.36953
           6300       0.360943
           6350       0.359079
           6400       0.359571
           6450       0.363956
           6500       0.367373
           6550       0.372857
           6600       0.359572
           6650       0.364915
           6700       0.367688
           6750       0.362341
           6800       0.359478
           6850       0.367836
           6900        0.36564
           6950       0.356809
           7000       0.360576
